shapeid,fromstop,tostop,fft,length
10a,527,526,3,0.43
10a,526,525,3,0.83
10a,525,524,3,0.77
10a,524,523,3,0.2
10a,523,510,3,0.62
10a,510,504,3,0.52
10a,504,503,3,0.51
10a,503,502,3,0.54
10a,502,423,3,0.53
10a,423,422,3,0.41
10a,422,419,3,0.19
10a,419,418,3,0.12
10a,418,890,3,0.19
10a,890,891,3,0.07
10a,891,892,3,0.26
10a,892,893,3,0.11
10a,893,894,3,0.25
10a,894,895,3,0.16
10a,895,900,3,0.12
10a,900,901,3,0.12
10a,901,917,3,0.1
10a,917,931,3,0.1
10a,931,937,3,0.1
10a,937,948,3,0.1
10a,948,966,3,0.1
10a,966,981,3,0.11
10a,981,1005,3,0.1
10a,1005,1021,3,0.1
10a,1021,1025,3,0.1
10a,1025,1042,3,0.12
10a,1042,1043,3,0.18
10a,1043,1044,3,0.1
10a,1044,1045,3,0.11
10a,1045,1046,3,0.07
10a,1046,1047,3,0.09
10a,1047,1050,3,0.07
10a,1050,1051,3,0.11
10a,1051,1052,3,0.12
10a,1052,1053,3,0.24
10a,1053,1054,3,0.18
10a,1054,783,3,0.07
10a,783,782,3,0.12
10a,782,781,3,0.35
10a,781,784,3,0.47
10a,784,811,3,0.29
10a,811,813,3,0.25
10a,813,826,3,0.44
10a,826,829,3,0.53
10a,829,850,3,0.76
10a,850,849,5,0.41
10a,849,847,5,0.61
10a,847,846,5,0.82
10a,846,845,5,0.96
10a,845,857,3,1.07
10b,857,845,3,1.07
10b,845,846,5,0.96
10b,846,847,5,0.82
10b,847,849,5,0.61
10b,849,850,5,0.41
10b,850,829,3,0.76
10b,829,826,3,0.53
10b,826,813,3,0.44
10b,813,811,3,0.25
10b,811,784,3,0.29
10b,784,781,3,0.47
10b,781,782,3,0.35
10b,782,783,3,0.12
10b,783,1054,3,0.07
10b,1054,1053,3,0.18
10b,1053,1052,3,0.24
10b,1052,1051,3,0.12
10b,1051,1050,3,0.11
10b,1050,1047,3,0.07
10b,1047,1046,3,0.09
10b,1046,1045,3,0.07
10b,1045,1044,3,0.11
10b,1044,1043,3,0.1
10b,1043,1042,3,0.18
10b,1042,1025,3,0.12
10b,1025,1021,3,0.1
10b,1021,1005,3,0.1
10b,1005,981,3,0.1
10b,981,966,3,0.11
10b,966,948,3,0.1
10b,948,937,3,0.1
10b,937,931,3,0.1
10b,931,917,3,0.1
10b,917,901,3,0.1
10b,901,900,3,0.12
10b,900,895,3,0.12
10b,895,894,3,0.16
10b,894,893,3,0.25
10b,893,892,3,0.11
10b,892,891,3,0.26
10b,891,890,3,0.07
10b,890,418,3,0.15
10b,418,419,3,0.12
10b,419,422,3,0.19
10b,422,423,3,0.41
10b,423,502,3,0.53
10b,502,503,3,0.54
10b,503,504,3,0.51
10b,504,510,3,0.52
10b,510,523,3,0.62
10b,523,524,3,0.2
10b,524,525,3,0.77
10b,525,526,3,0.83
10b,526,527,3,0.43
11a,527,526,3,0.43
11a,526,525,3,0.83
11a,525,524,3,0.77
11a,524,523,3,0.2
11a,523,510,3,0.62
11a,510,504,3,0.52
11a,504,503,3,0.51
11a,503,502,3,0.54
11a,502,423,3,0.53
11a,423,422,3,0.41
11a,422,419,3,0.19
11a,419,418,3,0.12
11a,418,890,3,0.19
11a,890,891,3,0.07
11a,891,892,3,0.26
11a,892,893,3,0.11
11a,893,894,3,0.25
11a,894,895,3,0.16
11a,895,900,3,0.12
11a,900,901,3,0.12
11a,901,917,3,0.1
11a,917,931,3,0.1
11a,931,937,3,0.1
11a,937,948,3,0.1
11a,948,966,3,0.1
11a,966,981,3,0.11
11a,981,1005,3,0.1
11a,1005,1021,3,0.1
11a,1021,1025,3,0.1
11a,1025,1042,3,0.12
11a,1042,1043,3,0.18
11a,1043,1044,3,0.1
11a,1044,1045,3,0.11
11a,1045,1046,3,0.07
11a,1046,1047,3,0.09
11a,1047,1050,3,0.07
11a,1050,1051,3,0.11
11a,1051,1052,3,0.12
11a,1052,1053,3,0.24
11a,1053,1054,3,0.18
11a,1054,783,3,0.07
11a,783,782,3,0.12
11a,782,781,3,0.35
11a,781,784,3,0.47
11a,784,811,3,0.29
11a,811,813,3,0.25
11a,813,826,3,0.44
11a,826,829,3,0.53
11a,829,850,3,0.76
11a,850,851,3,0.65
11a,851,853,3,0.41
11a,853,878,3,0.55
11b,878,853,3,0.55
11b,853,851,3,0.41
11b,851,850,3,0.65
11b,850,829,3,0.76
11b,829,826,3,0.53
11b,826,813,3,0.44
11b,813,811,3,0.25
11b,811,784,3,0.29
11b,784,781,3,0.47
11b,781,782,3,0.35
11b,782,783,3,0.12
11b,783,1054,3,0.07
11b,1054,1053,3,0.18
11b,1053,1052,3,0.24
11b,1052,1051,3,0.12
11b,1051,1050,3,0.11
11b,1050,1047,3,0.07
11b,1047,1046,3,0.09
11b,1046,1045,3,0.07
11b,1045,1044,3,0.11
11b,1044,1043,3,0.1
11b,1043,1042,3,0.18
11b,1042,1025,3,0.12
11b,1025,1021,3,0.1
11b,1021,1005,3,0.1
11b,1005,981,3,0.1
11b,981,966,3,0.11
11b,966,948,3,0.1
11b,948,937,3,0.1
11b,937,931,3,0.1
11b,931,917,3,0.1
11b,917,901,3,0.1
11b,901,900,3,0.12
11b,900,895,3,0.12
11b,895,894,3,0.16
11b,894,893,3,0.25
11b,893,892,3,0.11
11b,892,891,3,0.26
11b,891,890,3,0.07
11b,890,418,3,0.15
11b,418,419,3,0.12
11b,419,422,3,0.19
11b,422,423,3,0.41
11b,423,502,3,0.53
11b,502,503,3,0.54
11b,503,504,3,0.51
11b,504,510,3,0.52
11b,510,523,3,0.62
11b,523,524,3,0.2
11b,524,525,3,0.77
11b,525,526,3,0.83
11b,526,527,3,0.43
12a,520,521,2,0.67
12a,521,522,2,0.94
12a,522,511,2,0.79
12a,511,509,2,0.17
12a,509,505,2,0.54
12a,505,421,2,0.69
12a,421,422,2,0.43
12a,422,417,2,0.31
12a,417,415,2,0.27
12a,415,413,2,0.43
12a,413,411,2,0.27
12a,411,410,2,0.1
12a,410,1034,2,0.18
12a,1034,1035,2,0.09
12a,1035,1036,2,0.22
12a,1036,1037,2,0.18
12a,1037,1038,2,0.17
12a,1038,1039,2,0.17
12a,1039,1026,2,0.12
12a,1026,1020,2,0.1
12a,1020,1019,2,0.05
12a,1019,1006,2,0.05
12a,1006,1005,2,0.19
12b,1005,1021,2,0.1
12b,1021,1025,2,0.1
12b,1025,1042,2,0.12
12b,1042,1041,2,0.12
12b,1041,1040,2,0.07
12b,1040,1039,2,0.07
12b,1039,1038,2,0.17
12b,1038,1037,2,0.17
12b,1037,1036,2,0.18
12b,1036,1035,2,0.22
12b,1035,1034,2,0.09
12b,1034,410,2,0.15
12b,410,413,2,0.35
12b,413,414,2,0.14
12b,414,416,2,0.31
12b,416,419,2,0.42
12b,419,420,2,0.45
12b,420,421,2,0.18
12b,421,505,2,0.69
12b,505,509,2,0.54
12b,509,511,2,0.17
12b,511,522,2,0.79
12b,522,521,2,0.94
12b,521,520,2,0.67
13a,617,648,1,0.93
13a,648,649,1,0.33
13a,649,651,1,0.88
13a,651,650,5,0.81
13a,650,647,5,1.32
13a,647,641,1,1.01
13a,641,638,5,0.72
13a,638,637,1,0.38
13b,637,638,1,0.38
13b,638,641,5,0.72
13b,641,647,1,1.01
13b,647,648,1,0.77
13b,648,617,1,0.93
14a,365,361,5,1.34
14a,361,360,1,0.21
14a,360,359,1,0.6
14a,359,14a_360,1,0.6
14a,14a_360,14a_361,1,0.21
14a,14a_361,342,1,0.23
14a,342,338,1,0.67
14a,338,339,5,0.4
14a,339,347,5,2.45
14a,347,453,1,0.45
14a,453,454,1,0.63
14a,454,434,1,0.13
14a,434,455,1,0.18
14a,455,456,5,0.87
14a,456,457,1,0.87
14a,457,462,1,0.72
14a,462,465,5,1.26
14b,465,462,5,1.26
14b,462,457,1,0.72
14b,457,456,5,0.87
14b,456,455,5,0.87
14b,455,434,5,0.18
14b,434,454,1,0.13
14b,454,453,1,0.63
14b,453,347,1,0.45
14b,347,339,5,2.45
14b,339,338,5,0.4
14b,338,342,1,0.67
14b,342,361,1,0.23
14b,361,360,1,0.21
14b,360,359,1,0.6
14b,359,14b_360,1,0.6
14b,14b_360,14b_361,1,0.21
14b,14b_361,365,5,1.34
15ae,183,182,3,0.69
15ae,182,181,3,1.02
15ae,181,180,3,0.39
15ae,180,179,3,0.49
15ae,179,178,1,0.29
15ae,178,177,1,0.57
15ae,177,176,1,0.37
15ae,176,175,1,0.48
15ae,175,174,1,0.45
15ae,174,173,1,0.77
15ae,173,172,1,0.26
15ae,172,171,1,0.37
15ae,171,170,1,0.3
15ae,170,169,1,0.23
15ae,169,168,1,0.33
15ae,168,167,1,0.14
15ae,167,166,1,0.23
15ae,166,165,1,0.2
15ae,165,1055,1,0.37
15ae,1055,1059,1,0.53
15ae,1059,1051,1,0.24
15ae,1051,1050,1,0.11
15ae,1050,1047,1,0.07
15ae,1047,1046,1,0.09
15ae,1046,1045,3,0.07
15ae,1045,1044,3,0.11
15ae,1044,1043,3,0.1
15ae,1043,1042,3,0.18
15ae,1042,1025,3,0.12
15ae,1025,1021,3,0.1
15ae,1021,1005,3,0.1
15ae,1005,981,3,0.1
15ae,981,966,3,0.11
15ae,966,948,3,0.1
15ae,948,937,3,0.1
15ae,937,931,3,0.1
15ae,931,917,3,0.1
15ae,917,901,3,0.1
16a,181,180,2,0.39
16a,180,179,2,0.49
16a,179,178,2,0.29
16a,178,177,2,0.57
16a,177,176,2,0.37
16a,176,175,2,0.48
16a,175,174,2,0.45
16a,174,173,2,0.77
16a,173,172,2,0.26
16a,172,171,2,0.37
16a,171,170,2,0.3
16a,170,169,2,0.23
16a,169,168,2,0.33
16a,168,167,2,0.14
16a,167,166,2,0.23
16a,166,165,2,0.2
16a,165,1055,2,0.37
16a,1055,1059,2,0.53
16a,1059,1051,2,0.24
16a,1051,1050,2,0.11
16a,1050,1047,2,0.07
16a,1047,1046,2,0.09
16a,1046,1045,2,0.07
16a,1045,1044,2,0.11
16a,1044,1043,2,0.1
16a,1043,1042,2,0.18
16a,1042,1025,2,0.12
16a,1025,1021,2,0.1
16a,1021,1005,2,0.1
16a,1005,981,2,0.1
16a,981,966,2,0.11
16a,966,948,2,0.1
16a,948,937,2,0.1
16a,937,931,2,0.1
16a,931,917,2,0.1
16a,917,901,2,0.1
16a,901,898,2,0.27
16a,898,899,2,0.17
16a,899,887,2,0.21
16a,887,598,2,0.15
16a,598,599,2,0.35
16a,599,600,2,0.36
16a,600,601,2,0.42
16a,601,602,2,0.58
16a,602,603,2,0.16
16a,603,604,2,0.46
16a,604,605,2,0.24
16a,605,606,2,0.14
16a,606,607,2,0.37
16a,607,670,2,0.37
16b,670,607,2,0.37
16b,607,606,2,0.37
16b,606,605,2,0.14
16b,605,604,2,0.24
16b,604,603,2,0.46
16b,603,602,2,0.16
16b,602,601,2,0.58
16b,601,600,2,0.42
16b,600,599,2,0.36
16b,599,598,2,0.35
16b,598,887,2,0.15
16b,887,899,2,0.22
16b,899,898,2,0.17
16b,898,901,2,0.27
16b,901,917,2,0.1
16b,917,931,2,0.1
16b,931,937,2,0.1
16b,937,948,2,0.1
16b,948,966,2,0.1
16b,966,981,2,0.11
16b,981,1005,2,0.1
16b,1005,1021,2,0.1
16b,1021,1025,2,0.1
16b,1025,1042,2,0.12
16b,1042,1043,2,0.18
16b,1043,1044,2,0.1
16b,1044,1045,2,0.11
16b,1045,1046,2,0.07
16b,1046,1047,2,0.09
16b,1047,1050,2,0.07
16b,1050,1051,2,0.11
16b,1051,1059,2,0.24
16b,1059,1055,2,0.53
16b,1055,165,2,0.37
16b,165,166,2,0.2
16b,166,167,2,0.23
16b,167,168,2,0.14
16b,168,169,2,0.33
16b,169,170,2,0.23
16b,170,171,2,0.3
16b,171,172,2,0.37
16b,172,173,2,0.23
16b,173,174,2,0.77
16b,174,175,2,0.45
16b,175,176,2,0.48
16b,176,177,2,0.37
16b,177,178,2,0.57
16b,178,179,2,0.29
16b,179,180,2,0.49
16b,180,181,2,0.39
17a,183,182,2,0.69
17a,182,181,2,1.02
17a,181,180,2,0.39
17a,180,179,2,0.49
17a,179,178,2,0.29
17a,178,177,2,0.57
17a,177,176,2,0.37
17a,176,175,2,0.48
17a,175,174,2,0.45
17a,174,173,2,0.77
17a,173,172,2,0.26
17a,172,171,2,0.37
17a,171,170,2,0.3
17a,170,169,2,0.23
17a,169,168,2,0.33
17a,168,167,2,0.14
17a,167,166,2,0.23
17a,166,165,2,0.2
17a,165,1055,2,0.37
17a,1055,1059,2,0.53
17a,1059,1051,2,0.24
17a,1051,1050,2,0.11
17a,1050,1047,2,0.07
17a,1047,1046,2,0.09
17a,1046,1045,2,0.07
17a,1045,1044,2,0.11
17a,1044,1043,2,0.1
17a,1043,1042,2,0.18
17a,1042,1025,2,0.12
17a,1025,1021,2,0.1
17a,1021,1005,2,0.1
17a,1005,981,2,0.1
17a,981,966,2,0.11
17a,966,948,2,0.1
17a,948,937,2,0.1
17a,937,931,2,0.1
17a,931,917,2,0.1
17a,917,901,2,0.1
17a,901,898,2,0.27
17a,898,899,2,0.17
17a,899,887,2,0.21
17a,887,598,2,0.15
17a,598,599,2,0.35
17a,599,600,2,0.36
17a,600,601,2,0.42
17a,601,602,2,0.58
17a,602,603,2,0.16
17a,603,604,2,0.46
17a,604,605,2,0.24
17a,605,606,2,0.14
17a,606,607,2,0.37
17a,607,670,2,0.37
17b,670,607,2,0.37
17b,607,606,2,0.37
17b,606,605,2,0.14
17b,605,604,2,0.24
17b,604,603,2,0.46
17b,603,602,2,0.16
17b,602,601,2,0.58
17b,601,600,2,0.42
17b,600,599,2,0.36
17b,599,598,2,0.35
17b,598,887,2,0.15
17b,887,899,2,0.22
17b,899,898,2,0.17
17b,898,901,2,0.27
17b,901,917,2,0.1
17b,917,931,2,0.1
17b,931,937,2,0.1
17b,937,948,2,0.1
17b,948,966,2,0.1
17b,966,981,2,0.11
17b,981,1005,2,0.1
17b,1005,1021,2,0.1
17b,1021,1025,2,0.1
17b,1025,1042,2,0.12
17b,1042,1043,2,0.18
17b,1043,1044,2,0.1
17b,1044,1045,2,0.11
17b,1045,1046,2,0.07
17b,1046,1047,2,0.09
17b,1047,1050,2,0.07
17b,1050,1051,2,0.11
17b,1051,1059,2,0.24
17b,1059,1055,2,0.53
17b,1055,165,2,0.37
17b,165,166,2,0.2
17b,166,167,2,0.23
17b,167,168,2,0.14
17b,168,169,2,0.33
17b,169,170,2,0.23
17b,170,171,2,0.3
17b,171,172,2,0.37
17b,172,173,2,0.23
17b,173,174,2,0.77
17b,174,175,2,0.45
17b,175,176,2,0.48
17b,176,177,2,0.37
17b,177,178,2,0.57
17b,178,179,2,0.29
17b,179,180,2,0.49
17b,180,181,2,0.39
17b,181,182,2,1.02
17b,182,183,2,0.69
18a,208,209,5,0.32
18a,209,180,2,2.11
18a,180,179,2,0.49
18a,179,178,2,0.29
18a,178,177,2,0.57
18a,177,176,2,0.37
18a,176,175,2,0.48
18a,175,174,2,0.45
18a,174,173,2,0.77
18a,173,172,2,0.26
18a,172,171,2,0.37
18a,171,170,2,0.3
18a,170,169,2,0.23
18a,169,168,2,0.33
18a,168,167,2,0.14
18a,167,166,2,0.23
18a,166,165,2,0.2
18a,165,1055,2,0.37
18a,1055,1059,2,0.53
18a,1059,1051,2,0.24
18a,1051,1050,2,0.11
18a,1050,1047,2,0.07
18a,1047,1046,2,0.09
18a,1046,1045,2,0.07
18a,1045,1044,2,0.11
18a,1044,1043,2,0.1
18a,1043,1042,2,0.18
18a,1042,1025,2,0.12
18a,1025,1021,2,0.1
18a,1021,1005,2,0.1
18a,1005,981,2,0.1
18a,981,966,2,0.11
18a,966,948,2,0.1
18a,948,937,2,0.1
18a,937,931,2,0.1
18a,931,917,2,0.1
18a,917,901,2,0.1
18a,901,898,2,0.27
18a,898,899,2,0.17
18a,899,887,2,0.21
18a,887,598,2,0.15
18a,598,599,2,0.35
18a,599,600,2,0.36
18a,600,601,2,0.42
18a,601,602,2,0.58
18a,602,603,2,0.16
18a,603,604,2,0.46
18a,604,605,2,0.24
18a,605,606,2,0.14
18a,606,607,2,0.37
18a,607,670,2,0.37
18b,670,607,2,0.37
18b,607,606,2,0.37
18b,606,605,2,0.14
18b,605,604,2,0.24
18b,604,603,2,0.46
18b,603,602,2,0.16
18b,602,601,2,0.58
18b,601,600,2,0.42
18b,600,599,2,0.36
18b,599,598,2,0.35
18b,598,887,2,0.15
18b,887,899,2,0.22
18b,899,898,2,0.17
18b,898,901,2,0.27
18b,901,917,2,0.1
18b,917,931,2,0.1
18b,931,937,2,0.1
18b,937,948,2,0.1
18b,948,966,2,0.1
18b,966,981,2,0.11
18b,981,1005,2,0.1
18b,1005,1021,2,0.1
18b,1021,1025,2,0.1
18b,1025,1042,2,0.12
18b,1042,1043,2,0.18
18b,1043,1044,2,0.1
18b,1044,1045,2,0.11
18b,1045,1046,2,0.07
18b,1046,1047,2,0.09
18b,1047,1050,2,0.07
18b,1050,1051,2,0.11
18b,1051,1059,2,0.24
18b,1059,1055,2,0.53
18b,1055,165,2,0.37
18b,165,166,2,0.2
18b,166,167,2,0.23
18b,167,168,2,0.14
18b,168,169,2,0.33
18b,169,170,2,0.23
18b,170,171,2,0.3
18b,171,172,2,0.37
18b,172,173,2,0.23
18b,173,174,2,0.77
18b,174,175,2,0.45
18b,175,176,2,0.48
18b,176,177,2,0.37
18b,177,178,2,0.57
18b,178,179,2,0.29
18b,179,180,2,0.49
18b,180,209,5,2.11
18b,209,208,2,0.32
19a,343,342,2,0.57
19a,342,338,2,0.67
19a,338,337,2,0.53
19a,337,336,2,0.67
19a,336,332,2,0.59
19a,332,331,2,0.72
19a,331,330,2,0.53
19a,330,328,2,0.34
19a,328,327,2,0.41
19a,327,308,2,0.52
19a,308,305,2,0.26
19a,305,304,2,0.3
19a,304,412,2,0.38
19a,412,411,2,0.05
19a,411,410,2,0.1
19a,410,1034,2,0.18
19a,1034,1035,2,0.09
19a,1035,1036,2,0.22
19a,1036,1037,2,0.18
19a,1037,1038,2,0.17
19a,1038,1028,2,0.12
19a,1028,1027,2,0.08
19a,1027,1026,2,0.09
19a,1026,1025,2,0.24
19a,1025,1021,2,0.1
19a,1021,1005,2,0.1
19a,1005,981,2,0.1
19a,981,966,2,0.11
19a,966,948,2,0.1
19a,948,937,2,0.1
19a,937,931,2,0.1
19a,931,917,2,0.1
19a,917,916,2,0.27
19a,916,902,2,0.12
19a,902,903,2,0.14
19a,903,904,2,0.24
19a,904,886,2,0.1
19a,886,696,2,0.1
19a,696,695,2,0.3
19a,695,691,2,0.33
19a,691,690,2,0.39
19a,690,686,2,0.56
19a,686,683,2,0.16
19a,683,680,2,0.44
19a,680,676,2,0.37
19a,676,673,2,0.35
19a,673,675,2,0.18
19a,675,674,2,0.16
19a,674,664,2,0.17
19a,664,663,2,0.16
19a,663,662,2,0.54
19b,662,663,2,0.54
19b,663,664,2,0.16
19b,664,674,2,0.17
19b,674,675,2,0.16
19b,675,673,2,0.18
19b,673,676,2,0.35
19b,676,680,2,0.37
19b,680,683,2,0.44
19b,683,686,2,0.16
19b,686,690,2,0.56
19b,690,691,2,0.39
19b,691,695,2,0.33
19b,695,696,2,0.3
19b,696,886,2,0.1
19b,886,904,2,0.1
19b,904,903,2,0.24
19b,903,898,5,0.38
19b,898,901,2,0.27
19b,901,917,2,0.1
19b,917,931,2,0.1
19b,931,937,2,0.1
19b,937,948,2,0.1
19b,948,966,2,0.1
19b,966,981,2,0.11
19b,981,1005,2,0.1
19b,1005,1021,2,0.1
19b,1021,1025,2,0.1
19b,1025,1042,2,0.12
19b,1042,1041,2,0.12
19b,1041,1040,2,0.07
19b,1040,1039,2,0.07
19b,1039,1038,2,0.17
19b,1038,1037,2,0.17
19b,1037,1036,2,0.18
19b,1036,1035,2,0.22
19b,1035,1034,2,0.09
19b,1034,410,2,0.15
19b,410,411,2,0.1
19b,411,412,2,0.05
19b,412,304,2,0.38
19b,304,305,2,0.3
19b,305,308,2,0.26
19b,308,327,2,0.52
19b,327,328,2,0.41
19b,328,330,2,0.34
19b,330,331,2,0.53
19b,331,332,2,0.72
19b,332,336,2,0.59
19b,336,337,2,0.67
19b,337,338,2,0.53
19b,338,342,2,0.67
19b,342,343,2,0.57
1a,775,773,1,0.21
1a,773,787,1,0.46
1a,787,809,1,0.17
1a,809,808,5,0.62
1a,808,807,5,0.65
1a,807,806,5,0.61
1a,806,805,5,0.56
1a,805,803,5,0.62
1b,803,805,5,0.62
1b,805,806,5,0.56
1b,806,807,5,0.61
1b,807,808,5,0.65
1b,808,809,5,0.62
1b,809,787,1,0.17
1b,787,773,1,0.46
1b,773,775,1,0.21
20a,346,345,5,0.81
20a,345,344,5,1.05
20a,344,343,2,0.47
20a,343,342,2,0.57
20a,342,338,2,0.67
20a,338,337,2,0.53
20a,337,336,2,0.67
20a,336,332,2,0.59
20a,332,331,2,0.72
20a,331,330,2,0.53
20a,330,328,2,0.34
20a,328,327,2,0.41
20a,327,308,2,0.52
20a,308,305,2,0.26
20a,305,304,2,0.3
20a,304,412,2,0.38
20a,412,411,2,0.05
20a,411,410,2,0.1
20a,410,1034,2,0.18
20a,1034,1035,2,0.09
20a,1035,1036,2,0.22
20a,1036,1037,2,0.18
20a,1037,1038,2,0.17
20a,1038,1028,2,0.12
20a,1028,1027,2,0.08
20a,1027,1026,2,0.09
20a,1026,1025,2,0.24
20a,1025,1021,2,0.1
20a,1021,1005,2,0.1
20a,1005,981,2,0.1
20a,981,966,2,0.11
20a,966,948,2,0.1
20a,948,937,2,0.1
20a,937,931,2,0.1
20a,931,917,2,0.1
20a,917,916,2,0.27
20a,916,902,2,0.12
20a,902,903,2,0.14
20a,903,904,2,0.24
20a,904,886,2,0.1
20a,886,696,2,0.1
20a,696,695,2,0.3
20a,695,691,2,0.33
20a,691,690,2,0.39
20a,690,686,2,0.56
20a,686,683,2,0.16
20a,683,680,2,0.44
20a,680,676,2,0.37
20a,676,673,2,0.35
20a,673,675,2,0.18
20a,675,674,2,0.16
20a,674,664,2,0.17
20a,664,663,2,0.16
20a,663,662,2,0.54
20b,662,663,2,0.54
20b,663,664,2,0.16
20b,664,674,2,0.17
20b,674,675,2,0.16
20b,675,673,2,0.18
20b,673,676,2,0.35
20b,676,680,2,0.37
20b,680,683,2,0.44
20b,683,686,2,0.16
20b,686,690,2,0.56
20b,690,691,2,0.39
20b,691,695,2,0.33
20b,695,696,2,0.3
20b,696,886,2,0.1
20b,886,904,2,0.1
20b,904,903,2,0.24
20b,903,898,5,0.38
20b,898,901,2,0.27
20b,901,917,2,0.1
20b,917,931,2,0.1
20b,931,937,2,0.1
20b,937,948,2,0.1
20b,948,966,2,0.1
20b,966,981,2,0.11
20b,981,1005,2,0.1
20b,1005,1021,2,0.1
20b,1021,1025,2,0.1
20b,1025,1042,2,0.12
20b,1042,1041,2,0.12
20b,1041,1040,2,0.07
20b,1040,1039,2,0.07
20b,1039,1038,2,0.17
20b,1038,1037,2,0.17
20b,1037,1036,2,0.18
20b,1036,1035,2,0.22
20b,1035,1034,2,0.09
20b,1034,410,2,0.15
20b,410,411,2,0.1
20b,411,412,2,0.05
20b,412,304,2,0.38
20b,304,305,2,0.3
20b,305,308,2,0.26
20b,308,327,2,0.52
20b,327,328,2,0.41
20b,328,330,2,0.34
20b,330,331,2,0.53
20b,331,332,2,0.72
20b,332,336,2,0.59
20b,336,337,2,0.67
20b,337,338,2,0.53
20b,338,342,2,0.67
20b,342,343,2,0.57
20b,343,344,2,0.47
20b,344,345,5,1.05
20b,345,346,5,0.81
21a,351,350,2,0.49
21a,350,349,2,1.64
21a,349,348,2,0.28
21a,348,344,2,0.43
21a,344,343,2,0.47
21a,343,342,2,0.57
21a,342,338,2,0.67
21a,338,337,2,0.53
21a,337,336,2,0.67
21a,336,332,2,0.59
21a,332,331,2,0.72
21a,331,330,2,0.53
21a,330,328,2,0.34
21a,328,327,2,0.41
21a,327,308,2,0.52
21a,308,305,2,0.26
21a,305,304,2,0.3
21a,304,412,2,0.38
21a,412,411,2,0.05
21a,411,410,2,0.1
21a,410,1034,2,0.18
21a,1034,1035,2,0.09
21a,1035,1036,2,0.22
21a,1036,1037,2,0.18
21a,1037,1038,2,0.17
21a,1038,1028,2,0.12
21a,1028,1027,2,0.08
21a,1027,1026,2,0.09
21a,1026,1025,2,0.24
21a,1025,1021,2,0.1
21a,1021,1005,2,0.1
21a,1005,981,2,0.1
21a,981,966,2,0.11
21a,966,948,2,0.1
21a,948,937,2,0.1
21a,937,931,2,0.1
21a,931,917,2,0.1
21a,917,916,2,0.27
21a,916,902,2,0.12
21a,902,903,2,0.14
21a,903,904,2,0.24
21a,904,886,2,0.1
21a,886,696,2,0.1
21a,696,695,2,0.3
21a,695,691,2,0.33
21a,691,690,2,0.39
21a,690,686,2,0.56
21a,686,683,2,0.16
21a,683,680,2,0.44
21a,680,676,2,0.37
21a,676,673,2,0.35
21a,673,675,2,0.18
21a,675,674,2,0.16
21a,674,664,2,0.17
21a,664,663,2,0.16
21a,663,662,2,0.54
21b,662,663,2,0.54
21b,663,664,2,0.16
21b,664,674,2,0.17
21b,674,675,2,0.16
21b,675,673,2,0.18
21b,673,676,2,0.35
21b,676,680,2,0.37
21b,680,683,2,0.44
21b,683,686,2,0.16
21b,686,690,2,0.56
21b,690,691,2,0.39
21b,691,695,2,0.33
21b,695,696,2,0.3
21b,696,886,2,0.1
21b,886,904,2,0.1
21b,904,903,2,0.24
21b,903,898,5,0.38
21b,898,901,2,0.27
21b,901,917,2,0.1
21b,917,931,2,0.1
21b,931,937,2,0.1
21b,937,948,2,0.1
21b,948,966,2,0.1
21b,966,981,2,0.11
21b,981,1005,2,0.1
21b,1005,1021,2,0.1
21b,1021,1025,2,0.1
21b,1025,1042,2,0.12
21b,1042,1041,2,0.12
21b,1041,1040,2,0.07
21b,1040,1039,2,0.07
21b,1039,1038,2,0.17
21b,1038,1037,2,0.17
21b,1037,1036,2,0.18
21b,1036,1035,2,0.22
21b,1035,1034,2,0.09
21b,1034,410,2,0.15
21b,410,411,2,0.1
21b,411,412,2,0.05
21b,412,304,2,0.38
21b,304,305,2,0.3
21b,305,308,2,0.26
21b,308,327,2,0.52
21b,327,328,2,0.41
21b,328,330,2,0.34
21b,330,331,2,0.53
21b,331,332,2,0.72
21b,332,336,2,0.59
21b,336,337,2,0.67
21b,337,338,2,0.53
21b,338,342,2,0.67
21b,342,343,2,0.57
21b,343,344,2,0.47
21b,344,348,2,0.43
21b,348,349,2,0.28
21b,349,350,2,1.64
21b,350,351,2,0.49
22a,855,856,1,0.82
22a,856,857,1,0.94
22a,857,858,1,1.07
22a,858,842,5,0.92
22a,842,841,5,0.32
22b,841,842,5,0.32
22b,842,858,5,0.92
22b,858,857,1,1.07
22b,857,856,1,0.94
22b,856,855,1,0.82
23a,628,629,2,0.18
23a,629,631,2,0.44
23a,631,560,2,1.3
23a,560,561,2,0.56
23a,561,559,2,0.81
23a,559,558,2,0.5
23a,558,557,2,0.42
23a,557,556,2,1
23a,556,555,2,0.38
23a,555,554,2,0.36
23a,554,575,2,0.44
23a,575,576,2,0.86
23a,576,581,2,2.12
23a,581,582,2,0.24
23a,582,533,2,1.48
23a,533,532,2,0.44
23a,532,531,2,0.73
23a,531,530,2,0.76
23a,530,529,2,0.1
23a,529,528,2,0.21
23a,528,500,2,1.17
23a,500,499,2,0.34
23a,499,498,2,0.34
23a,498,437,2,0.37
23a,437,436,2,0.46
23a,436,423,2,0.7
23a,423,415,2,0.73
23a,415,414,2,0.23
23a,414,973,2,0.35
23a,973,1012,2,0.2
23a,1012,1011,2,0.17
23a,1011,1010,2,0.12
23a,1010,1009,2,0.06
23a,1009,1008,2,0.17
23a,1008,1007,2,0.07
23a,1007,1006,2,0.1
23a,1006,1005,2,0.19
23a,1005,1004,2,0.15
23a,1004,1003,2,0.05
23a,1003,982,2,0.04
23b,982,981,2,0.17
23b,981,980,2,0.18
23b,980,979,2,0.09
23b,979,978,2,0.07
23b,978,977,2,0.17
23b,977,976,2,0.12
23b,976,975,2,0.06
23b,975,974,2,0.22
23b,974,973,2,0.08
23b,973,414,2,0.35
23b,414,415,2,0.23
23b,415,423,6,0.73
23b,423,9436,6,0.77
23b,9436,9437,6,0.37
23b,9437,498,6,0.53
23b,498,499,2,0.34
23b,499,500,2,0.34
23b,500,528,2,1.17
23b,528,529,2,0.21
23b,529,530,2,0.1
23b,530,531,2,0.76
23b,531,532,2,0.73
23b,532,533,2,0.44
23b,533,582,2,1.48
23b,582,581,2,0.24
23b,581,576,2,2.12
23b,576,575,2,0.86
23b,575,554,2,0.44
23b,554,555,2,0.36
23b,555,556,2,0.38
23b,556,557,2,1
23b,557,558,2,0.42
23b,558,559,2,0.5
23b,559,561,2,0.81
23b,561,560,2,0.56
23b,560,631,2,1.3
23b,631,629,2,0.44
23b,629,628,2,0.18
24a,721,722,5,0.63
24a,722,723,2,0.4
24a,723,718,2,0.55
24a,718,717,2,0.61
24a,717,715,2,0.51
24a,715,714,2,0.19
24a,714,716,2,0.36
24a,716,703,2,0.39
24a,703,676,2,0.4
24a,676,678,5,0.69
24a,678,606,2,0.74
24a,606,607,2,0.37
24a,607,608,2,0.22
24a,608,516,2,0.24
24a,516,517,2,0.22
24a,517,518,2,0.75
24a,518,519,2,0.38
24a,519,527,2,0.22
24a,527,533,2,0.77
24a,533,532,2,0.44
24a,532,531,2,0.73
24a,531,530,2,0.76
24a,530,529,2,0.1
24a,529,528,2,0.21
24a,528,500,2,1.17
24a,500,499,2,0.34
24a,499,498,2,0.34
24a,498,437,2,0.37
24a,437,436,2,0.46
24a,436,423,2,0.7
24a,423,415,2,0.73
24a,415,414,2,0.23
24a,414,973,2,0.35
24a,973,1012,2,0.2
24a,1012,1011,2,0.17
24a,1011,1010,2,0.12
24a,1010,1009,2,0.06
24a,1009,1008,2,0.17
24a,1008,1007,2,0.07
24a,1007,1006,2,0.1
24a,1006,1005,2,0.19
24a,1005,1004,2,0.15
24a,1004,1003,2,0.05
24a,1003,982,2,0.04
24b,982,981,2,0.17
24b,981,980,2,0.18
24b,980,979,2,0.09
24b,979,978,2,0.07
24b,978,977,2,0.17
24b,977,976,2,0.12
24b,976,975,2,0.06
24b,975,974,2,0.22
24b,974,973,2,0.08
24b,973,414,2,0.35
24b,414,415,2,0.23
24b,415,423,6,0.73
24b,423,9436,6,0.77
24b,9436,9437,6,0.37
24b,9437,498,6,0.53
24b,498,499,2,0.34
24b,499,500,2,0.34
24b,500,528,2,1.17
24b,528,529,2,0.21
24b,529,530,2,0.1
24b,530,531,2,0.76
24b,531,532,2,0.73
24b,532,533,2,0.44
24b,533,527,2,0.77
24b,527,519,2,0.22
24b,519,518,2,0.38
24b,518,517,2,0.75
24b,517,516,2,0.25
24b,516,608,2,0.24
24b,608,607,2,0.22
24b,607,670,2,0.37
24b,670,192,2,0.4
24b,192,671,5,0.09
24b,671,673,2,0.69
24b,673,713,2,0.4
24b,713,714,2,0.4
24b,714,715,2,0.19
24b,715,717,2,0.51
24b,717,718,2,0.61
24b,718,723,2,0.55
24b,723,722,2,0.4
24b,722,721,5,0.63
25a,229,233,5,1.52
25a,233,232,5,0.53
25a,232,237,5,0.55
25a,237,238,5,0.97
25a,238,241,5,1.28
25a,241,219,3,0.43
25a,219,221,3,0.27
25a,221,202,3,0.53
25a,202,203,3,0.08
25a,203,204,3,0.08
25a,204,205,3,0.26
25a,205,1056,3,0.11
25a,1056,1057,3,0.25
25a,1057,1058,3,0.64
25a,1058,1053,3,0.67
25a,1053,993,3,0.13
25a,993,992,3,0.1
25a,992,991,3,0.21
25a,991,990,3,0.13
25a,990,989,3,0.19
25a,989,988,3,0.16
25a,988,987,3,0.12
25a,987,986,3,0.1
25a,986,985,3,0.09
25a,985,984,3,0.09
25a,984,983,3,0.1
25a,983,982,3,0.06
25a,982,981,3,0.17
25a,981,980,3,0.18
25a,980,979,3,0.09
25a,979,978,3,0.07
25a,978,977,3,0.17
25a,977,976,3,0.12
25a,976,975,3,0.06
25a,975,970,3,0.1
25a,970,944,3,0.09
25a,944,941,3,0.11
25a,941,940,3,0.19
25b,940,945,3,0.1
25b,945,969,3,0.1
25b,969,977,3,0.11
25b,977,1009,3,0.09
25b,1009,1008,3,0.17
25b,1008,1007,3,0.07
25b,1007,1006,3,0.1
25b,1006,1005,3,0.19
25b,1005,1004,3,0.15
25b,1004,1002,3,0.13
25b,1002,1001,3,0.17
25b,1001,1000,3,0.05
25b,1000,999,3,0.04
25b,999,998,3,0.12
25b,998,997,3,0.15
25b,997,996,3,0.09
25b,996,995,3,0.11
25b,995,994,3,0.12
25b,994,993,3,0.21
25b,993,1053,3,0.13
25b,1053,1058,3,0.67
25b,1058,1057,3,0.64
25b,1057,1056,3,0.25
25b,1056,205,3,0.11
25b,205,204,3,0.26
25b,204,203,3,0.08
25b,203,202,3,0.08
25b,202,221,3,0.53
25b,221,219,3,0.27
25b,219,241,3,0.43
25b,241,238,5,1.28
25b,238,237,5,0.97
25b,237,232,5,0.55
25b,232,233,5,0.53
25b,233,229,5,1.52
26a,537,536,1,0.54
26a,536,535,1,0.44
26a,535,534,1,0.35
26a,534,533,1,0.42
26a,533,527,1,0.77
26a,527,519,1,0.22
26a,519,518,1,0.38
26a,518,517,1,0.75
26a,517,516,1,0.25
26a,516,608,1,0.24
26a,608,607,1,0.22
26a,607,606,1,0.37
26b,606,607,1,0.37
26b,607,608,1,0.22
26b,608,516,1,0.24
26b,516,517,1,0.22
26b,517,518,1,0.75
26b,518,519,1,0.38
26b,519,527,1,0.22
26b,527,533,1,0.77
26b,533,534,1,0.42
26b,534,535,1,0.35
26b,535,536,1,0.44
26b,536,537,1,0.54
27ae,461,465,5,1.27
27ae,465,469,5,1.04
27ae,469,462,2,0.64
27ae,462,457,2,0.72
27ae,457,456,2,0.87
27ae,456,455,2,0.87
27ae,455,434,2,0.18
27ae,434,454,2,0.13
27ae,454,452,1,0.75
27ae,452,451,1,1.04
27ae,451,445,1,0.72
27ae,445,444,1,0.22
27ae,444,443,1,0.33
27ae,443,442,1,0.22
27ae,442,441,1,0.45
27ae,441,440,1,0.52
27ae,440,438,1,0.24
27ae,438,437,1,0.71
27ae,437,436,1,0.46
27ae,436,423,1,0.7
27ae,423,415,1,0.73
27ae,415,414,1,0.23
27ae,414,973,1,0.35
27ae,973,1012,1,0.2
27ae,1012,1011,1,0.17
27ae,1011,1010,1,0.12
27ae,1010,1009,1,0.06
27ae,1009,1008,1,0.17
27ae,1008,978,1,0.1
27ae,978,968,1,0.09
27ae,968,967,1,0.17
27ae,967,966,1,0.16
27ae,966,965,1,0.2
27ae,965,949,1,0.1
27be,949,948,1,0.21
27be,948,947,1,0.14
27be,947,946,1,0.17
27be,946,945,1,0.17
27be,945,969,1,0.1
27be,969,977,1,0.11
27be,977,976,1,0.12
27be,976,975,1,0.06
27be,975,974,1,0.22
27be,974,973,1,0.08
27be,973,414,1,0.35
27be,414,415,1,0.23
27be,415,423,6,0.73
27be,423,9436,6,0.77
27be,9436,9437,6,0.37
27be,9437,9438,6,0.83
27be,9438,440,6,0.28
27be,440,441,1,0.52
27be,441,442,1,0.45
27be,442,443,1,0.22
27be,443,444,1,0.33
27be,444,445,1,0.22
27be,445,451,1,0.72
27be,451,452,1,1.04
27be,452,454,1,0.75
27be,454,434,2,0.13
27be,434,455,2,0.18
27be,455,456,2,0.87
27be,456,457,2,0.87
27be,457,462,2,0.72
27be,462,469,2,0.64
27be,469,465,5,1.04
27be,465,461,5,1.27
28a,179,191,1,0.8
28a,191,210,1,1.16
28a,210,209,1,0.5
28a,209,208,1,0.32
28a,208,207,1,0.33
28a,207,206,1,0.82
28b,206,207,1,0.82
28b,207,208,1,0.33
28b,208,209,1,0.32
28b,209,210,1,0.5
28b,210,191,1,1.16
28b,191,179,1,0.8
29a,247,288,2,0.88
29a,288,289,2,0.55
29a,289,320,2,0.46
29a,320,321,2,0.42
29a,321,322,2,0.8
29a,322,381,5,0.64
29a,381,387,5,1.14
29a,387,390,5,1.22
29a,390,401,5,0.9
29a,401,367,2,1.54
29a,367,360,2,1.31
29a,360,343,2,0.49
29a,343,347,2,1.89
29a,347,453,2,0.45
29a,453,454,2,0.63
29a,454,434,2,0.13
29a,434,458,2,1.58
29b,458,434,2,1.58
29b,434,454,2,0.13
29b,454,453,2,0.63
29b,453,347,2,0.45
29b,347,343,2,1.89
29b,343,360,2,0.49
29b,360,367,2,1.31
29b,367,401,2,1.54
29b,401,390,5,0.9
29b,390,387,5,1.22
29b,387,381,5,1.14
29b,381,322,5,0.64
29b,322,321,2,0.8
29b,321,320,2,0.42
29b,320,289,2,0.46
29b,289,288,2,0.55
29b,288,247,2,0.88
2a,1042,1060,2,0.24
2a,1060,1061,2,0.09
2a,1061,1062,2,0.04
2a,1062,1063,2,0.3
2a,1063,1064,2,0.29
2a,1064,299,2,0.29
2a,299,298,2,0.33
2a,298,297,2,0.59
2a,297,294,2,0.59
2a,294,293,2,0.42
2a,293,317,2,1.3
2a,317,318,2,0.42
2a,318,319,2,0.72
2a,319,320,2,0.8
2a,320,321,2,0.42
2a,321,322,2,0.8
2a,322,382,2,0.8
2a,382,385,2,0.77
2a,385,386,2,0.82
2a,386,397,2,0.85
2a,397,394,5,1.09
2a,394,390,5,0.91
2b,390,394,5,0.91
2b,394,397,5,1.09
2b,397,386,2,0.85
2b,386,385,2,0.82
2b,385,382,2,0.77
2b,382,322,2,0.8
2b,322,321,2,0.8
2b,321,320,2,0.42
2b,320,319,2,0.8
2b,319,318,2,0.72
2b,318,317,2,0.42
2b,317,293,2,1.3
2b,293,294,2,0.42
2b,294,297,2,0.59
2b,297,298,2,0.59
2b,298,299,2,0.33
2b,299,1064,2,0.29
2b,1064,1063,2,0.29
2b,1063,1061,2,0.31
2b,1061,1041,2,0.18
2b,1041,1042,2,0.12
30a,857,856,1,0.94
30a,856,855,1,0.82
30a,855,854,1,0.49
30a,854,853,1,0.54
30a,853,878,1,0.55
30a,878,876,1,0.42
30a,876,875,1,0.4
30a,875,874,1,0.81
30a,874,873,1,1.43
30a,873,872,1,0.84
30b,872,873,1,0.84
30b,873,874,1,1.43
30b,874,875,1,0.81
30b,875,876,1,0.4
30b,876,878,1,0.42
30b,878,853,1,0.55
30b,853,854,1,0.54
30b,854,855,1,0.49
30b,855,856,1,0.82
30b,856,857,1,0.94
31a,609,667,5,0.58
31a,667,666,5,0.42
31a,666,660,5,0.54
31a,660,661,2,0.35
31a,661,662,2,0.41
31a,662,663,2,0.54
31a,663,707,5,0.4
31a,707,710,5,0.38
31a,710,711,2,0.16
31a,711,715,2,0.33
31a,715,717,2,0.51
31a,717,719,2,0.7
31a,719,722,2,0.53
31a,722,750,2,0.98
31a,750,749,2,0.47
31a,749,746,2,0.44
31a,746,744,2,1.32
31a,744,743,2,0.65
31a,743,741,2,0.64
31a,741,740,2,0.21
31a,740,739,2,0.58
31a,739,738,2,0.42
31a,738,737,2,0.38
31a,737,991,2,0.29
31a,991,994,2,0.1
31a,994,1052,2,0.12
31a,1052,1051,2,0.12
31a,1051,1050,2,0.11
31a,1050,996,5,0.11
31b,996,995,2,0.11
31b,995,994,2,0.12
31b,994,991,2,0.1
31b,991,737,2,0.29
31b,737,738,2,0.38
31b,738,739,2,0.42
31b,739,740,2,0.58
31b,740,741,2,0.21
31b,741,743,2,0.64
31b,743,744,2,0.65
31b,744,746,2,1.32
31b,746,749,2,0.44
31b,749,750,2,0.47
31b,750,722,2,0.98
31b,722,719,2,0.53
31b,719,711,2,1.13
31b,711,710,2,0.16
31b,710,707,5,0.38
31b,707,663,5,0.4
31b,663,662,2,0.54
31b,662,661,2,0.41
31b,661,660,2,0.35
31b,660,666,5,0.54
31b,666,667,5,0.42
31b,667,609,5,0.58
32a,383,380,5,1.02
32a,380,324,5,1.5
32a,324,325,3,0.49
32a,325,409,3,1.01
32a,409,317,3,0.27
32a,317,316,3,0.64
32a,316,315,3,0.1
32a,315,312,3,0.22
32a,312,309,3,0.45
32a,309,302,3,0.44
32a,302,304,3,0.37
32a,304,412,3,0.38
32a,412,411,3,0.05
32a,411,410,3,0.1
32a,410,1034,3,0.18
32a,1034,1035,3,0.09
32a,1035,1036,3,0.22
32a,1036,1037,3,0.18
32a,1037,1038,3,0.17
32a,1038,1028,3,0.12
32a,1028,1027,3,0.08
32a,1027,1026,3,0.09
32a,1026,1025,3,0.24
32b,1025,1042,3,0.12
32b,1042,1041,3,0.12
32b,1041,1040,3,0.07
32b,1040,1039,3,0.07
32b,1039,1038,3,0.17
32b,1038,1037,3,0.17
32b,1037,1036,3,0.18
32b,1036,1035,3,0.22
32b,1035,1034,3,0.09
32b,1034,410,3,0.15
32b,410,411,3,0.1
32b,411,412,3,0.05
32b,412,304,3,0.38
32b,304,303,3,0.33
32b,303,310,3,0.66
32b,310,311,3,0.24
32b,311,316,3,0.22
32b,316,317,3,0.64
32b,317,409,3,0.27
32b,409,325,3,1.01
32b,325,324,3,0.49
32b,324,380,5,1.5
32b,380,383,5,1.02
33a,548,518,2,0.5
33a,518,517,2,0.75
33a,517,515,2,0.38
33a,515,514,2,0.81
33a,514,513,2,1.15
33a,513,512,2,0.18
33a,512,507,2,0.18
33a,507,506,2,0.4
33a,506,593,2,0.16
33a,593,592,5,0.16
33a,592,596,2,0.76
33a,596,888,2,0.27
33a,888,889,2,0.09
33a,889,893,2,0.31
33a,893,923,2,0.16
33a,923,922,5,0.21
33a,922,921,2,0.08
33a,921,920,2,0.14
33a,920,919,2,0.06
33a,919,918,2,0.11
33a,918,930,2,0.09
33a,930,938,2,0.1
33a,938,947,2,0.1
33a,947,967,2,0.1
33a,967,980,2,0.1
33a,980,1006,2,0.1
33a,1006,1019,2,0.05
33a,1019,1020,2,0.05
33a,1020,1026,2,0.1
33a,1026,1025,2,0.24
33a,1025,1023,2,0.08
33a,1023,1022,2,0.07
33a,1022,1002,2,0.12
33a,1002,984,2,0.08
33a,984,963,2,0.17
33a,963,953,2,0.17
33a,953,952,2,0.16
33a,952,933,2,0.08
33a,933,909,2,0.07
33a,909,910,2,0.17
33a,910,911,2,0.09
33a,911,912,2,0.12
33a,912,913,2,0.2
33a,913,738,2,0.26
33a,738,778,2,0.33
33a,778,777,2,0.24
33a,777,774,2,0.64
33a,774,773,2,0.36
33a,773,787,2,0.46
33a,787,809,2,0.17
33a,809,816,2,0.37
33a,816,824,2,0.44
33a,824,832,2,0.52
33a,832,847,2,0.76
33a,847,848,2,0.46
33a,848,855,2,0.6
33a,855,856,2,0.82
33a,856,857,2,0.94
33b,857,856,2,0.94
33b,856,855,2,0.82
33b,855,848,2,0.6
33b,848,847,2,0.46
33b,847,832,2,0.76
33b,832,824,2,0.52
33b,824,816,2,0.44
33b,816,809,2,0.37
33b,809,787,2,0.17
33b,787,773,2,0.46
33b,773,774,2,0.36
33b,774,777,2,0.64
33b,777,778,2,0.24
33b,778,738,2,0.33
33b,738,913,2,0.26
33b,913,912,2,0.2
33b,912,911,2,0.12
33b,911,910,2,0.09
33b,910,954,2,0.16
33b,954,955,2,0.16
33b,955,962,2,0.17
33b,962,986,2,0.16
33b,986,1001,2,0.08
33b,1001,1024,5,0.11
33b,1024,1023,5,0.2
33b,1023,1022,5,0.07
33b,1022,1021,2,0.13
33b,1021,1020,2,0.22
33b,1020,1019,2,0.05
33b,1019,1006,2,0.05
33b,1006,980,2,0.1
33b,980,967,2,0.1
33b,967,947,2,0.1
33b,947,938,2,0.1
33b,938,930,2,0.1
33b,930,918,2,0.09
33b,918,919,5,0.11
33b,919,920,5,0.06
33b,920,895,2,0.09
33b,895,894,2,0.16
33b,894,893,2,0.25
33b,893,889,2,0.31
33b,889,888,2,0.09
33b,888,596,2,0.27
33b,596,597,2,0.1
33b,597,593,2,0.85
33b,593,506,2,0.16
33b,506,507,2,0.4
33b,507,512,2,0.18
33b,512,513,2,0.18
33b,513,514,2,1.18
33b,514,515,2,0.81
33b,515,517,2,0.38
33b,517,518,2,0.75
33b,518,548,2,0.5
34a,442,441,2,0.45
34a,441,440,2,0.52
34a,440,439,2,0.17
34a,439,499,2,0.51
34a,499,501,2,0.38
34a,501,504,2,0.37
34a,504,509,2,0.3
34a,509,508,2,0.24
34a,508,507,2,0.33
34a,507,506,2,0.4
34a,506,593,2,0.16
34a,593,592,5,0.16
34a,592,596,2,0.76
34a,596,888,2,0.27
34a,888,889,2,0.09
34a,889,893,2,0.31
34a,893,923,2,0.16
34a,923,922,5,0.21
34a,922,921,2,0.08
34a,921,920,2,0.14
34a,920,919,2,0.06
34a,919,918,2,0.11
34a,918,930,2,0.09
34a,930,938,2,0.1
34a,938,947,2,0.1
34a,947,967,2,0.1
34a,967,980,2,0.1
34a,980,1006,2,0.1
34a,1006,1019,2,0.05
34a,1019,1020,2,0.05
34a,1020,1026,2,0.1
34a,1026,1025,2,0.24
34a,1025,1023,2,0.08
34a,1023,1022,2,0.07
34a,1022,1002,2,0.12
34a,1002,984,2,0.08
34a,984,963,2,0.17
34a,963,953,2,0.17
34a,953,952,2,0.16
34a,952,933,2,0.08
34a,933,909,2,0.07
34a,909,910,2,0.17
34a,910,911,2,0.09
34a,911,912,2,0.12
34a,912,913,2,0.2
34a,913,738,2,0.26
34a,738,778,2,0.33
34a,778,777,2,0.24
34a,777,774,2,0.64
34a,774,773,2,0.36
34a,773,787,2,0.46
34a,787,809,2,0.17
34a,809,816,2,0.37
34a,816,824,2,0.44
34a,824,832,2,0.52
34a,832,847,2,0.76
34a,847,848,2,0.46
34a,848,855,2,0.6
34a,855,856,2,0.82
34a,856,857,2,0.94
34b,857,856,2,0.94
34b,856,855,2,0.82
34b,855,848,2,0.6
34b,848,847,2,0.46
34b,847,832,2,0.76
34b,832,824,2,0.52
34b,824,816,2,0.44
34b,816,809,2,0.37
34b,809,787,2,0.17
34b,787,773,2,0.46
34b,773,774,2,0.36
34b,774,777,2,0.64
34b,777,778,2,0.24
34b,778,738,2,0.33
34b,738,913,2,0.26
34b,913,912,2,0.2
34b,912,911,2,0.12
34b,911,910,2,0.09
34b,910,954,2,0.16
34b,954,955,2,0.16
34b,955,962,2,0.17
34b,962,986,2,0.16
34b,986,1001,2,0.08
34b,1001,1024,5,0.11
34b,1024,1023,5,0.2
34b,1023,1022,2,0.07
34b,1022,1021,2,0.13
34b,1021,1020,2,0.22
34b,1020,1019,2,0.05
34b,1019,1006,2,0.05
34b,1006,980,2,0.1
34b,980,967,2,0.1
34b,967,947,2,0.1
34b,947,938,2,0.1
34b,938,930,2,0.1
34b,930,918,2,0.09
34b,918,919,5,0.11
34b,919,920,5,0.06
34b,920,895,2,0.09
34b,895,894,2,0.16
34b,894,893,2,0.25
34b,893,889,2,0.31
34b,889,888,2,0.09
34b,888,596,2,0.27
34b,596,597,2,0.1
34b,597,593,2,0.85
34b,593,506,2,0.16
34b,506,507,2,0.4
34b,507,508,2,0.33
34b,508,509,2,0.24
34b,509,504,2,0.3
34b,504,501,2,0.37
34b,501,499,2,0.38
34b,499,439,2,0.51
34b,439,440,2,0.17
34b,440,441,2,0.52
34b,441,442,2,0.45
35ae,841,844,5,0.53
35ae,844,843,5,1.25
35ae,843,845,5,0.51
35ae,845,836,2,0.77
35ae,836,822,2,0.32
35ae,822,820,2,0.21
35ae,820,819,2,0.44
35ae,819,806,2,0.37
35ae,806,790,2,0.18
35ae,790,765,1,0.41
35ae,765,766,1,0.21
35ae,766,767,1,0.28
35ae,767,768,1,0.22
35ae,768,743,1,0.38
35ae,743,736,1,0.51
35ae,736,729,1,0.42
35ae,729,730,1,0.28
35ae,730,731,1,0.22
35ae,731,732,1,0.3
35ae,732,883,1,0.28
35ae,883,884,1,0.1
35ae,884,908,1,0.5
35ae,908,914,1,0.06
35ae,914,934,1,0.11
35ae,934,951,1,0.09
35ae,951,950,1,0.03
35ae,950,949,1,0.29
35ae,949,965,1,0.1
35ae,965,982,2,0.1
35ae,982,1003,2,0.04
35ae,1003,1004,2,0.05
35ae,1004,1022,2,0.11
35ae,1022,1021,2,0.13
35be,1021,1005,2,0.1
35be,1005,981,2,0.1
35be,981,966,2,0.11
35be,966,965,2,0.2
35be,965,964,1,0.19
35be,964,963,1,0.1
35be,963,953,1,0.17
35be,953,952,1,0.16
35be,952,933,1,0.08
35be,933,909,1,0.07
35be,909,881,1,0.5
35be,881,882,1,0.1
35be,882,732,1,0.17
35be,732,731,1,0.3
35be,731,730,1,0.22
35be,730,729,1,0.28
35be,729,736,1,0.42
35be,736,743,1,0.51
35be,743,768,1,0.38
35be,768,767,1,0.22
35be,767,766,1,0.28
35be,766,765,1,0.21
35be,765,790,2,0.41
35be,790,806,2,0.18
35be,806,819,2,0.37
35be,819,820,2,0.44
35be,820,822,2,0.21
35be,822,836,2,0.32
35be,836,845,2,0.77
35be,845,843,5,0.51
35be,843,844,5,1.25
35be,844,841,5,0.53
36a,430,431,5,0.69
36a,431,425,5,0.93
36a,425,432,5,0.53
36a,432,433,5,0.36
36a,433,435,5,0.29
36a,435,441,1,1.23
36a,441,442,1,0.45
36b,442,441,1,0.45
36b,441,435,1,1.23
36b,435,433,5,0.29
36b,433,432,5,0.36
36b,432,425,5,0.53
36b,425,431,5,0.93
36b,431,430,5,0.69
37a,801,800,3,0.56
37a,800,839,3,1
37a,839,838,3,0.45
37a,838,837,3,0.73
37a,837,804,5,0.99
37a,804,819,5,0.38
37a,819,818,3,0.68
37a,818,817,3,0.59
37a,817,816,3,0.61
37a,816,815,3,0.2
37a,815,814,3,0.4
37a,814,813,3,0.53
37a,813,811,3,0.25
37a,811,784,3,0.29
37a,784,781,3,0.47
37a,781,782,3,0.35
37a,782,783,3,0.12
37a,783,1054,3,0.07
37a,1054,1053,3,0.18
37a,1053,1052,3,0.24
37a,1052,1051,3,0.12
37a,1051,1050,3,0.11
37a,1050,1047,3,0.07
37a,1047,1046,3,0.09
37a,1046,1045,3,0.07
37a,1045,1044,3,0.11
37a,1044,1043,3,0.1
37a,1043,1042,3,0.18
37a,1042,1025,3,0.12
37a,1025,1021,3,0.1
37a,1021,1005,3,0.1
37a,1005,981,3,0.1
37a,981,966,3,0.11
37a,966,948,3,0.1
37a,948,937,3,0.1
37a,937,931,3,0.1
37a,931,917,3,0.1
37a,917,916,3,0.27
37a,916,902,3,0.12
37a,902,905,3,0.2
37a,905,906,3,0.15
37a,906,907,3,0.35
37a,907,885,3,0.1
37a,885,697,3,0.1
37a,697,698,3,0.29
37a,698,689,3,0.34
37a,689,688,3,0.71
37a,688,687,3,0.24
37a,687,682,3,0.16
37a,682,681,3,0.44
37a,681,703,3,0.37
37a,703,713,3,0.35
37a,713,714,3,0.4
37a,714,715,3,0.19
37a,715,711,3,0.33
37a,711,710,3,0.16
37a,710,709,3,0.72
37b,709,710,3,0.72
37b,710,711,3,0.16
37b,711,715,3,0.33
37b,715,714,3,0.19
37b,714,716,3,0.36
37b,716,703,3,0.39
37b,703,681,3,0.37
37b,681,682,3,0.44
37b,682,687,3,0.16
37b,687,688,3,0.24
37b,688,689,3,0.71
37b,689,698,3,0.34
37b,698,697,3,0.29
37b,697,885,3,0.1
37b,885,907,3,0.1
37b,907,906,3,0.35
37b,906,915,3,0.11
37b,915,932,3,0.29
37b,932,931,3,0.26
37b,931,937,3,0.1
37b,937,948,3,0.1
37b,948,966,3,0.1
37b,966,981,3,0.11
37b,981,1005,3,0.1
37b,1005,1021,3,0.1
37b,1021,1025,3,0.1
37b,1025,1042,3,0.12
37b,1042,1043,3,0.18
37b,1043,1044,3,0.1
37b,1044,1045,3,0.11
37b,1045,1046,3,0.07
37b,1046,1047,3,0.09
37b,1047,1050,3,0.07
37b,1050,1051,3,0.11
37b,1051,1052,3,0.12
37b,1052,1053,3,0.24
37b,1053,1054,3,0.18
37b,1054,783,3,0.07
37b,783,782,3,0.12
37b,782,781,3,0.35
37b,781,784,3,0.47
37b,784,811,3,0.29
37b,811,813,3,0.25
37b,813,814,3,0.53
37b,814,815,3,0.4
37b,815,816,3,0.2
37b,816,817,3,0.61
37b,817,818,3,0.59
37b,818,819,3,0.68
37b,819,804,5,0.38
37b,804,837,5,0.99
37b,837,838,3,0.73
37b,838,839,3,0.45
37b,839,800,3,1
37b,800,801,3,0.56
38ae,628,632,5,1.1
38ae,632,638,5,1.08
38ae,638,639,3,0.44
38ae,639,640,3,0.84
38ae,640,648,3,0.76
38ae,648,649,3,0.33
38ae,649,651,3,0.88
38ae,651,653,3,0.57
38ae,653,656,3,1.17
38ae,656,658,3,0.53
38ae,658,659,3,0.84
38ae,659,667,3,0.54
38ae,667,669,3,0.34
38ae,669,670,3,0.36
38ae,670,607,3,0.37
38ae,607,606,1,0.37
38ae,606,605,1,0.14
38ae,605,604,1,0.24
38ae,604,603,1,0.46
38ae,603,602,1,0.16
38ae,602,601,1,0.58
38ae,601,600,1,0.42
38ae,600,599,1,0.36
38ae,599,598,1,0.35
38ae,598,887,1,0.15
38ae,887,899,1,0.22
38ae,899,898,1,0.17
38ae,898,901,1,0.27
38ae,901,917,3,0.1
38ae,917,931,3,0.1
38ae,931,937,3,0.1
38ae,937,948,3,0.1
38ae,948,966,3,0.1
38ae,966,981,3,0.11
38ae,981,1005,3,0.1
38ae,1005,1021,3,0.1
38ae,1021,1025,3,0.1
38ae,1025,1042,3,0.12
38ae,1042,1043,3,0.18
38ae,1043,1044,3,0.1
38ae,1044,1045,3,0.11
38ae,1045,1046,3,0.07
38ae,1046,1047,3,0.09
38ae,1047,1050,3,0.07
38ae,1050,1049,5,0.19
38ae,1049,1048,5,0.19
38be,1048,1046,5,0.16
38be,1046,1045,3,0.07
38be,1045,1044,3,0.11
38be,1044,1043,3,0.1
38be,1043,1042,3,0.18
38be,1042,1025,3,0.12
38be,1025,1021,3,0.1
38be,1021,1005,3,0.1
38be,1005,981,3,0.1
38be,981,966,3,0.11
38be,966,948,3,0.1
38be,948,937,3,0.1
38be,937,931,3,0.1
38be,931,917,3,0.1
38be,917,901,3,0.1
38be,901,898,1,0.27
38be,898,899,1,0.17
38be,899,887,1,0.21
38be,887,598,1,0.15
38be,598,599,1,0.35
38be,599,600,1,0.36
38be,600,601,1,0.42
38be,601,602,1,0.58
38be,602,603,1,0.16
38be,603,604,1,0.46
38be,604,605,1,0.24
38be,605,606,1,0.14
38be,606,607,1,0.37
38be,607,670,3,0.37
38be,670,669,3,0.36
38be,669,667,3,0.34
38be,667,659,3,0.54
38be,659,658,3,0.84
38be,658,656,3,0.53
38be,656,653,3,1.17
38be,653,651,3,0.57
38be,651,649,3,0.88
38be,649,648,3,0.33
38be,648,640,3,0.76
38be,640,639,3,0.84
38be,639,638,3,0.44
38be,638,632,5,1.08
38be,632,628,5,1.1
39a,210,211,5,0.42
39a,211,212,5,0.49
39a,212,193,5,0.99
39a,193,177,5,0.84
39a,177,176,5,0.37
39a,176,175,5,0.48
39a,175,174,5,0.45
39a,174,195,5,1.05
39a,195,215,5,0.72
39a,215,216,3,0.22
39a,216,231,3,0.23
39a,231,232,3,0.98
39a,232,233,3,0.53
39a,233,239,5,0.56
39a,239,245,5,0.8
39a,245,246,5,0.21
39a,246,247,3,0.26
39a,247,248,3,0.73
39a,248,250,3,0.48
39a,250,252,5,0.79
39a,252,279,5,1.18
39a,279,275,5,1.63
39a,275,262,3,0.19
39a,262,263,5,1.14
39b,263,262,5,1.14
39b,262,275,3,0.19
39b,275,279,5,1.63
39b,279,252,5,1.18
39b,252,250,5,0.79
39b,250,248,5,0.48
39b,248,247,3,0.73
39b,247,246,3,0.26
39b,246,245,5,0.21
39b,245,239,5,0.8
39b,239,233,5,0.56
39b,233,232,3,0.53
39b,232,231,3,0.98
39b,231,216,3,0.23
39b,216,215,3,0.22
39b,215,195,5,0.72
39b,195,174,5,1.05
39b,174,175,3,0.45
39b,175,176,3,0.48
39b,176,177,3,0.37
39b,177,193,3,0.84
39b,193,212,3,0.99
39b,212,211,3,0.49
39b,211,210,3,0.42
3a,600,692,2,0.51
3a,692,691,2,0.36
3a,691,689,2,0.4
3a,689,699,2,0.39
3a,699,730,2,0.44
3a,730,735,2,0.39
3a,735,742,2,0.19
3a,742,741,2,0.28
3a,741,743,2,0.64
3a,743,768,2,0.38
3a,768,767,2,0.22
3a,767,771,2,0.87
3a,771,770,2,0.36
3a,770,788,2,0.46
3a,788,808,2,0.17
3a,808,817,2,0.37
3a,817,823,2,0.44
3a,823,833,2,0.52
3a,833,834,2,0.2
3a,834,835,2,0.4
3a,835,836,2,0.62
3a,836,837,2,0.51
3a,837,838,2,0.73
3a,838,839,2,0.45
3a,839,800,2,1
3a,800,801,2,0.56
3b,801,800,2,0.56
3b,800,839,2,1
3b,839,838,2,0.45
3b,838,837,2,0.73
3b,837,836,2,0.51
3b,836,835,2,0.62
3b,835,834,2,0.4
3b,834,833,2,0.2
3b,833,823,2,0.52
3b,823,817,2,0.44
3b,817,808,2,0.37
3b,808,788,2,0.17
3b,788,770,2,0.46
3b,770,771,2,0.36
3b,771,767,2,0.87
3b,767,768,2,0.22
3b,768,743,2,0.38
3b,743,741,2,0.64
3b,741,742,2,0.28
3b,742,735,2,0.19
3b,735,730,2,0.39
3b,730,699,2,0.44
3b,699,689,2,0.39
3b,689,691,2,0.4
3b,691,692,2,0.36
3b,692,600,2,0.51
40a,746,744,3,1.32
40a,744,743,3,0.65
40a,743,741,3,0.64
40a,741,742,3,0.28
40a,742,735,3,0.19
40a,735,730,3,0.39
40a,730,731,3,0.22
40a,731,732,3,0.3
40a,732,883,3,0.28
40a,883,884,3,0.1
40a,884,908,3,0.5
40a,908,914,3,0.06
40a,914,934,3,0.11
40a,934,951,3,0.09
40a,951,950,3,0.03
40a,950,949,3,0.29
40a,949,965,3,0.1
40a,965,982,3,0.1
40a,982,1003,3,0.04
40a,1003,1004,3,0.05
40a,1004,1022,3,0.11
40a,1022,1021,3,0.13
40b,1021,1005,3,0.1
40b,1005,981,3,0.1
40b,981,966,3,0.11
40b,966,965,3,0.2
40b,965,964,3,0.19
40b,964,963,3,0.1
40b,963,953,3,0.17
40b,953,952,3,0.16
40b,952,933,3,0.08
40b,933,909,3,0.07
40b,909,881,3,0.5
40b,881,882,3,0.1
40b,882,732,3,0.17
40b,732,731,3,0.3
40b,731,730,3,0.22
40b,730,729,3,0.28
40b,729,728,3,0.5
40b,728,727,3,0.22
40b,727,726,3,0.3
40b,726,725,3,0.42
40b,725,724,3,0.72
40b,724,745,3,0.35
40b,745,746,3,0.21
41a,721,722,5,0.63
41a,722,723,3,0.4
41a,723,724,3,0.43
41a,724,725,3,0.72
41a,725,726,3,0.42
41a,726,727,3,0.3
41a,727,728,3,0.22
41a,728,729,3,0.5
41a,729,730,3,0.28
41a,730,731,3,0.22
41a,731,732,3,0.3
41a,732,883,3,0.28
41a,883,884,3,0.1
41a,884,908,3,0.5
41a,908,914,3,0.06
41a,914,934,3,0.11
41a,934,951,3,0.09
41a,951,950,3,0.03
41a,950,949,3,0.29
41a,949,965,3,0.1
41a,965,982,3,0.1
41a,982,1003,3,0.04
41a,1003,1004,3,0.05
41a,1004,1022,3,0.11
41a,1022,1021,3,0.13
41b,1021,1005,3,0.1
41b,1005,981,3,0.1
41b,981,966,3,0.11
41b,966,965,3,0.2
41b,965,964,3,0.19
41b,964,963,3,0.1
41b,963,953,3,0.17
41b,953,952,3,0.16
41b,952,933,3,0.08
41b,933,909,3,0.07
41b,909,881,3,0.5
41b,881,882,3,0.1
41b,882,732,3,0.17
41b,732,731,3,0.3
41b,731,730,3,0.22
41b,730,729,3,0.28
41b,729,728,3,0.5
41b,728,727,3,0.22
41b,727,726,3,0.3
41b,726,725,3,0.42
41b,725,718,3,0.86
41b,718,719,3,0.33
41b,719,722,3,0.53
41b,722,721,5,0.63
42a,796,795,5,0.82
42a,795,793,3,0.65
42a,793,792,3,0.53
42a,792,791,3,0.63
42a,791,790,3,0.63
42a,790,765,3,0.41
42a,765,769,3,0.83
42a,769,770,3,0.29
42a,770,773,3,0.61
42a,773,775,3,0.21
42a,775,776,3,0.39
42a,776,779,3,0.32
42a,779,781,3,0.42
42a,781,782,3,0.35
42a,782,783,3,0.12
42a,783,1054,3,0.07
42a,1054,1053,3,0.18
42a,1053,1052,3,0.24
42a,1052,1051,3,0.12
42a,1051,1050,3,0.11
42a,1050,1047,3,0.07
42a,1047,1046,3,0.09
42a,1046,1045,3,0.07
42a,1045,1044,3,0.11
42a,1044,1043,3,0.1
42a,1043,1042,3,0.18
42a,1042,1041,3,0.12
42a,1041,1040,3,0.07
42a,1040,1039,3,0.07
42a,1039,1026,3,0.12
42a,1026,1020,3,0.1
42a,1020,1019,3,0.05
42a,1019,1006,3,0.05
42a,1006,980,3,0.1
42a,980,967,3,0.1
42a,967,947,3,0.1
42a,947,938,3,0.1
42a,938,930,3,0.1
42a,930,918,3,0.09
42a,918,919,5,0.11
42a,919,920,5,0.06
42a,920,895,3,0.09
42a,895,894,3,0.16
42a,894,893,3,0.25
42a,893,892,3,0.11
42a,892,891,3,0.26
42a,891,890,3,0.07
42a,890,418,3,0.15
42a,418,419,3,0.12
42a,419,422,3,0.19
42a,422,423,3,0.41
42a,423,424,3,0.83
42a,424,425,3,0.36
42a,425,426,3,0.21
42a,426,427,3,0.21
42a,427,428,3,0.25
42a,428,429,3,0.33
42a,429,334,3,0.44
42a,334,335,3,0.54
42a,335,339,3,1.2
42a,339,342,3,0.57
42a,342,361,3,0.23
42a,361,360,3,0.21
42a,360,359,3,0.6
42a,359,358,3,0.48
42b,358,359,3,0.48
42b,359,360,3,0.6
42b,360,361,3,0.21
42b,361,342,3,0.23
42b,342,339,3,0.57
42b,339,335,3,1.2
42b,335,334,3,0.54
42b,334,429,3,0.44
42b,429,428,3,0.33
42b,428,427,3,0.25
42b,427,426,3,0.24
42b,426,425,3,0.21
42b,425,424,3,0.32
42b,424,423,3,0.83
42b,423,422,3,0.41
42b,422,419,3,0.19
42b,419,418,3,0.12
42b,418,890,3,0.19
42b,890,891,3,0.07
42b,891,892,3,0.26
42b,892,893,3,0.11
42b,893,894,3,0.25
42b,894,922,3,0.09
42b,922,921,3,0.08
42b,921,920,3,0.14
42b,920,919,3,0.06
42b,919,918,3,0.11
42b,918,930,3,0.09
42b,930,938,3,0.1
42b,938,947,3,0.1
42b,947,967,3,0.1
42b,967,980,3,0.1
42b,980,1006,3,0.1
42b,1006,1019,3,0.05
42b,1019,1020,3,0.05
42b,1020,1026,3,0.1
42b,1026,1039,3,0.12
42b,1039,1040,3,0.07
42b,1040,1041,3,0.07
42b,1041,1042,3,0.12
42b,1042,1043,3,0.18
42b,1043,1044,3,0.1
42b,1044,1045,3,0.11
42b,1045,1046,3,0.07
42b,1046,1047,3,0.09
42b,1047,1050,3,0.07
42b,1050,1051,3,0.11
42b,1051,1052,3,0.12
42b,1052,1053,3,0.24
42b,1053,1054,3,0.18
42b,1054,783,3,0.07
42b,783,782,3,0.12
42b,782,781,3,0.35
42b,781,779,3,0.42
42b,779,776,3,0.32
42b,776,775,3,0.39
42b,775,773,3,0.21
42b,773,770,3,0.61
42b,770,769,3,0.29
42b,769,765,3,0.83
42b,765,790,3,0.41
42b,790,791,3,0.63
42b,791,792,3,0.63
42b,792,793,3,0.53
42b,793,795,3,0.65
42b,795,796,5,0.82
43a,796,795,5,0.82
43a,795,793,3,0.65
43a,793,792,3,0.53
43a,792,791,3,0.63
43a,791,790,3,0.63
43a,790,765,3,0.41
43a,765,769,3,0.83
43a,769,770,3,0.29
43a,770,773,3,0.61
43a,773,775,3,0.21
43a,775,776,3,0.39
43a,776,779,3,0.32
43a,779,781,3,0.42
43a,781,782,3,0.35
43a,782,783,3,0.12
43a,783,1054,3,0.07
43a,1054,1053,3,0.18
43a,1053,1052,3,0.24
43a,1052,1051,3,0.12
43a,1051,1050,3,0.11
43a,1050,1047,3,0.07
43a,1047,1046,3,0.09
43a,1046,1045,3,0.07
43a,1045,1044,3,0.11
43a,1044,1043,3,0.1
43a,1043,1042,3,0.18
43a,1042,1041,3,0.12
43a,1041,1040,3,0.07
43a,1040,1039,3,0.07
43a,1039,1026,3,0.12
43a,1026,1020,3,0.1
43a,1020,1019,3,0.05
43a,1019,1006,3,0.05
43a,1006,980,3,0.1
43a,980,967,3,0.1
43a,967,947,3,0.1
43a,947,938,3,0.1
43a,938,930,3,0.1
43a,930,918,3,0.09
43a,918,919,5,0.11
43a,919,920,5,0.06
43a,920,895,3,0.09
43a,895,894,3,0.16
43a,894,893,3,0.25
43a,893,892,3,0.11
43a,892,891,3,0.26
43a,891,890,3,0.07
43a,890,418,3,0.15
43a,418,419,3,0.12
43a,419,422,3,0.19
43a,422,423,3,0.41
43a,423,424,3,0.83
43a,424,425,3,0.36
43a,425,426,3,0.21
43a,426,427,3,0.21
43a,427,428,3,0.25
43a,428,429,3,0.33
43a,429,334,3,0.44
43b,334,429,3,0.44
43b,429,428,3,0.33
43b,428,427,3,0.25
43b,427,426,3,0.24
43b,426,425,3,0.21
43b,425,424,3,0.32
43b,424,423,3,0.83
43b,423,422,3,0.41
43b,422,419,3,0.19
43b,419,418,3,0.12
43b,418,890,3,0.19
43b,890,891,3,0.07
43b,891,892,3,0.26
43b,892,893,3,0.11
43b,893,894,3,0.25
43b,894,922,3,0.09
43b,922,921,3,0.08
43b,921,920,3,0.14
43b,920,919,3,0.06
43b,919,918,3,0.11
43b,918,930,3,0.09
43b,930,938,3,0.1
43b,938,947,3,0.1
43b,947,967,3,0.1
43b,967,980,3,0.1
43b,980,1006,3,0.1
43b,1006,1019,3,0.05
43b,1019,1020,3,0.05
43b,1020,1026,3,0.1
43b,1026,1039,3,0.12
43b,1039,1040,3,0.07
43b,1040,1041,3,0.07
43b,1041,1042,3,0.12
43b,1042,1043,3,0.18
43b,1043,1044,3,0.1
43b,1044,1045,3,0.11
43b,1045,1046,3,0.07
43b,1046,1047,3,0.09
43b,1047,1050,3,0.07
43b,1050,1051,3,0.11
43b,1051,1052,3,0.12
43b,1052,1053,3,0.24
43b,1053,1054,3,0.18
43b,1054,783,3,0.07
43b,783,782,3,0.12
43b,782,781,3,0.35
43b,781,779,3,0.42
43b,779,776,3,0.32
43b,776,775,3,0.39
43b,775,773,3,0.21
43b,773,770,3,0.61
43b,770,769,3,0.29
43b,769,765,3,0.83
43b,765,790,3,0.41
43b,790,791,3,0.63
43b,791,792,3,0.63
43b,792,793,3,0.53
43b,793,795,3,0.65
43b,795,796,5,0.82
44a,796,795,5,0.82
44a,795,793,3,0.65
44a,793,792,3,0.53
44a,792,791,3,0.63
44a,791,790,3,0.63
44a,790,765,3,0.41
44a,765,769,3,0.83
44a,769,770,3,0.29
44a,770,773,3,0.61
44a,773,775,3,0.21
44a,775,776,3,0.39
44a,776,779,3,0.32
44a,779,781,3,0.42
44a,781,782,3,0.35
44a,782,783,3,0.12
44a,783,1054,3,0.07
44a,1054,1053,3,0.18
44a,1053,1052,3,0.24
44a,1052,1051,3,0.12
44a,1051,1050,3,0.11
44a,1050,1047,3,0.07
44a,1047,1046,3,0.09
44a,1046,1045,3,0.07
44a,1045,1044,3,0.11
44a,1044,1043,3,0.1
44a,1043,1042,3,0.18
44a,1042,1041,3,0.12
44a,1041,1040,3,0.07
44a,1040,1039,3,0.07
44a,1039,1026,3,0.12
44a,1026,1020,3,0.1
44a,1020,1019,3,0.05
44a,1019,1006,3,0.05
44a,1006,980,3,0.1
44a,980,967,3,0.1
44a,967,947,3,0.1
44a,947,938,3,0.1
44a,938,930,3,0.1
44a,930,918,3,0.09
44a,918,919,5,0.11
44a,919,920,5,0.06
44a,920,895,3,0.09
44a,895,894,3,0.16
44a,894,893,3,0.25
44a,893,892,3,0.11
44a,892,891,3,0.26
44a,891,890,3,0.07
44a,890,418,3,0.15
44a,418,419,3,0.12
44a,419,422,3,0.19
44a,422,423,3,0.41
44a,423,424,3,0.83
44a,424,425,3,0.36
44a,425,426,3,0.21
44a,426,427,3,0.21
44a,427,428,3,0.25
44a,428,429,3,0.33
44a,429,334,3,0.44
44a,334,335,3,0.54
44a,335,336,3,0.67
44a,336,363,3,0.65
44a,363,378,3,1.26
44a,378,377,3,0.38
44a,377,380,5,0.6
44a,380,388,5,0.57
44a,388,390,5,0.91
44a,390,394,5,0.91
44b,394,390,5,0.91
44b,390,388,5,0.91
44b,388,380,5,0.57
44b,380,377,5,0.6
44b,377,378,3,0.38
44b,378,363,3,1.26
44b,363,336,3,0.65
44b,336,335,3,0.67
44b,335,334,3,0.54
44b,334,429,3,0.44
44b,429,428,3,0.33
44b,428,427,3,0.25
44b,427,426,3,0.24
44b,426,425,3,0.21
44b,425,424,3,0.32
44b,424,423,3,0.83
44b,423,422,3,0.41
44b,422,419,3,0.19
44b,419,418,3,0.12
44b,418,890,3,0.19
44b,890,891,3,0.07
44b,891,892,3,0.26
44b,892,893,3,0.11
44b,893,894,3,0.25
44b,894,922,3,0.09
44b,922,921,3,0.08
44b,921,920,3,0.14
44b,920,919,3,0.06
44b,919,918,3,0.11
44b,918,930,3,0.09
44b,930,938,3,0.1
44b,938,947,3,0.1
44b,947,967,3,0.1
44b,967,980,3,0.1
44b,980,1006,3,0.1
44b,1006,1019,3,0.05
44b,1019,1020,3,0.05
44b,1020,1026,3,0.1
44b,1026,1039,3,0.12
44b,1039,1040,3,0.07
44b,1040,1041,3,0.07
44b,1041,1042,3,0.12
44b,1042,1043,3,0.18
44b,1043,1044,3,0.1
44b,1044,1045,3,0.11
44b,1045,1046,3,0.07
44b,1046,1047,3,0.09
44b,1047,1050,3,0.07
44b,1050,1051,3,0.11
44b,1051,1052,3,0.12
44b,1052,1053,3,0.24
44b,1053,1054,3,0.18
44b,1054,783,3,0.07
44b,783,782,3,0.12
44b,782,781,3,0.35
44b,781,779,3,0.42
44b,779,776,3,0.32
44b,776,775,3,0.39
44b,775,773,3,0.21
44b,773,770,3,0.61
44b,770,769,3,0.29
44b,769,765,3,0.83
44b,765,790,3,0.41
44b,790,791,3,0.63
44b,791,792,3,0.63
44b,792,793,3,0.53
44b,793,795,3,0.65
44b,795,796,5,0.82
45ae,458,434,2,1.58
45ae,434,454,2,0.13
45ae,454,452,1,0.75
45ae,452,451,1,1.04
45ae,451,445,1,0.72
45ae,445,444,1,0.22
45ae,444,443,1,0.33
45ae,443,442,1,0.22
45ae,442,441,1,0.45
45ae,441,440,1,0.52
45ae,440,438,1,0.24
45ae,438,437,1,0.71
45ae,437,436,1,0.46
45ae,436,423,1,0.7
45ae,423,415,2,0.73
45ae,415,414,2,0.23
45ae,414,973,2,0.35
45ae,973,1012,2,0.2
45ae,1012,1011,2,0.17
45ae,1011,1010,2,0.12
45ae,1010,1009,2,0.06
45ae,1009,1008,2,0.17
45ae,1008,1007,2,0.07
45ae,1007,1006,2,0.1
45ae,1006,980,2,0.1
45ae,980,967,2,0.1
45ae,967,947,2,0.1
45be,947,938,2,0.1
45be,938,930,2,0.1
45be,930,918,2,0.09
45be,918,919,5,0.11
45be,919,920,5,0.06
45be,920,895,2,0.09
45be,895,894,2,0.16
45be,894,893,2,0.25
45be,893,892,2,0.11
45be,892,891,2,0.26
45be,891,890,2,0.07
45be,890,418,2,0.15
45be,418,419,2,0.12
45be,419,422,2,0.19
45be,422,423,6,0.41
45be,423,9436,6,0.77
45be,9436,9437,6,0.37
45be,9437,9438,6,0.83
45be,9438,440,6,0.28
45be,440,441,1,0.52
45be,441,442,1,0.45
45be,442,443,1,0.22
45be,443,444,1,0.33
45be,444,445,1,0.22
45be,445,451,1,0.72
45be,451,452,1,1.04
45be,452,454,1,0.75
45be,454,434,2,0.13
45be,434,458,2,1.58
46a,458,434,2,1.58
46a,434,454,2,0.13
46a,454,452,2,0.75
46a,452,451,2,1.04
46a,451,445,2,0.72
46a,445,444,2,0.22
46a,444,443,2,0.33
46a,443,442,2,0.22
46a,442,441,2,0.45
46a,441,440,2,0.52
46a,440,438,2,0.24
46a,438,437,2,0.71
46a,437,436,2,0.46
46a,436,423,2,0.7
46a,423,415,2,0.73
46a,415,414,2,0.23
46a,414,973,2,0.35
46a,973,1012,2,0.2
46a,1012,1011,2,0.17
46a,1011,1010,2,0.12
46a,1010,1009,2,0.06
46a,1009,1008,2,0.17
46a,1008,1007,2,0.07
46a,1007,1006,2,0.1
46a,1006,980,2,0.1
46a,980,967,2,0.1
46a,967,947,2,0.1
46b,947,938,2,0.1
46b,938,930,2,0.1
46b,930,918,2,0.09
46b,918,919,5,0.11
46b,919,920,5,0.06
46b,920,895,2,0.09
46b,895,894,2,0.16
46b,894,893,2,0.25
46b,893,892,2,0.11
46b,892,891,2,0.26
46b,891,890,2,0.07
46b,890,418,2,0.15
46b,418,419,2,0.12
46b,419,422,2,0.19
46b,422,423,6,0.41
46b,423,9436,6,0.77
46b,9436,9437,6,0.37
46b,9437,9438,6,0.83
46b,9438,440,6,0.28
46b,440,441,2,0.52
46b,441,442,2,0.45
46b,442,443,2,0.22
46b,443,444,2,0.33
46b,444,445,2,0.22
46b,445,451,2,0.72
46b,451,452,2,1.04
46b,452,454,2,0.75
46b,454,434,2,0.13
46b,434,458,2,1.58
47a,448,449,5,0.63
47a,449,447,1,0.84
47a,447,450,1,0.56
47a,450,442,1,0.43
47a,442,491,5,0.72
47a,491,490,5,0.65
47a,490,489,1,0.86
47a,489,488,1,0.73
47a,488,492,1,0.39
47a,492,486,1,0.36
47b,486,492,1,0.36
47b,492,488,1,0.39
47b,488,489,1,0.73
47b,489,490,1,0.86
47b,490,491,5,0.65
47b,491,442,5,0.72
47b,442,450,1,0.43
47b,450,447,1,0.56
47b,447,449,1,0.84
47b,449,448,5,0.63
48ae,633,637,5,0.88
48ae,637,638,3,0.38
48ae,638,639,3,0.44
48ae,639,621,3,0.64
48ae,621,620,3,0.12
48ae,620,619,3,0.12
48ae,619,618,3,0.3
48ae,618,617,3,1.04
48ae,617,616,3,0.44
48ae,616,615,1,0.33
48ae,615,614,1,0.47
48ae,614,613,1,0.11
48ae,613,612,1,1.67
48ae,612,611,1,0.54
48ae,611,610,1,0.86
48ae,610,609,1,0.54
48ae,609,608,1,0.49
48ae,608,607,1,0.22
48ae,607,606,1,0.37
48ae,606,605,1,0.14
48ae,605,604,1,0.24
48ae,604,603,1,0.46
48ae,603,602,1,0.16
48ae,602,601,1,0.58
48ae,601,600,1,0.42
48ae,600,599,1,0.36
48ae,599,598,1,0.35
48ae,598,887,1,0.15
48ae,887,899,1,0.22
48ae,899,898,1,0.17
48ae,898,901,1,0.27
48ae,901,917,3,0.1
48ae,917,931,3,0.1
48ae,931,937,3,0.1
48ae,937,948,3,0.1
48ae,948,966,3,0.1
48ae,966,981,3,0.11
48ae,981,1005,3,0.1
48ae,1005,1021,3,0.1
48ae,1021,1025,3,0.1
48ae,1025,1042,3,0.12
48ae,1042,1043,3,0.18
48ae,1043,1044,3,0.1
48ae,1044,1045,3,0.11
48ae,1045,1046,3,0.07
48ae,1046,1047,3,0.09
48ae,1047,1050,3,0.07
48ae,1050,1049,5,0.19
48ae,1049,1048,5,0.19
48be,1048,1046,5,0.16
48be,1046,1045,3,0.07
48be,1045,1044,3,0.11
48be,1044,1043,3,0.1
48be,1043,1042,3,0.18
48be,1042,1025,3,0.12
48be,1025,1021,3,0.1
48be,1021,1005,3,0.1
48be,1005,981,3,0.1
48be,981,966,3,0.11
48be,966,948,3,0.1
48be,948,937,3,0.1
48be,937,931,3,0.1
48be,931,917,3,0.1
48be,917,901,3,0.1
48be,901,898,1,0.27
48be,898,899,1,0.17
48be,899,887,1,0.21
48be,887,598,1,0.15
48be,598,599,1,0.35
48be,599,600,1,0.36
48be,600,601,1,0.42
48be,601,602,1,0.58
48be,602,603,1,0.16
48be,603,604,1,0.46
48be,604,605,1,0.24
48be,605,606,1,0.14
48be,606,607,1,0.37
48be,607,608,1,0.22
48be,608,609,1,0.49
48be,609,610,1,0.54
48be,610,611,1,0.86
48be,611,612,1,0.54
48be,612,613,1,1.67
48be,613,614,1,0.11
48be,614,615,1,0.47
48be,615,616,1,0.33
48be,616,617,3,0.44
48be,617,618,3,1.04
48be,618,619,3,0.3
48be,619,620,3,0.12
48be,620,621,3,0.12
48be,621,639,3,0.64
48be,639,638,3,0.44
48be,638,637,3,0.38
48be,637,633,5,0.88
49ae,630,629,5,0.65
49ae,629,628,3,0.18
49ae,628,622,3,0.69
49ae,622,621,3,0.48
49ae,621,620,3,0.12
49ae,620,619,3,0.12
49ae,619,618,3,0.3
49ae,618,617,3,1.04
49ae,617,616,3,0.44
49ae,616,615,1,0.33
49ae,615,614,1,0.47
49ae,614,613,1,0.11
49ae,613,612,1,1.67
49ae,612,611,1,0.54
49ae,611,610,1,0.86
49ae,610,609,1,0.54
49ae,609,608,1,0.49
49ae,608,607,1,0.22
49ae,607,606,1,0.37
49ae,606,605,1,0.14
49ae,605,604,1,0.24
49ae,604,603,1,0.46
49ae,603,602,1,0.16
49ae,602,601,1,0.58
49ae,601,600,1,0.42
49ae,600,599,1,0.36
49ae,599,598,1,0.35
49ae,598,887,1,0.15
49ae,887,899,1,0.22
49ae,899,898,1,0.17
49ae,898,901,1,0.27
49ae,901,917,3,0.1
49ae,917,931,3,0.1
49ae,931,937,3,0.1
49ae,937,948,3,0.1
49ae,948,966,3,0.1
49ae,966,981,3,0.11
49ae,981,1005,3,0.1
49ae,1005,1021,3,0.1
49ae,1021,1025,3,0.1
49ae,1025,1042,3,0.12
49ae,1042,1043,3,0.18
49ae,1043,1044,3,0.1
49ae,1044,1045,3,0.11
49ae,1045,1046,3,0.07
49ae,1046,1047,3,0.09
49ae,1047,1050,3,0.07
49ae,1050,1049,5,0.19
49ae,1049,1048,5,0.19
49be,1048,1046,5,0.16
49be,1046,1045,3,0.07
49be,1045,1044,3,0.11
49be,1044,1043,3,0.1
49be,1043,1042,3,0.18
49be,1042,1025,3,0.12
49be,1025,1021,3,0.1
49be,1021,1005,3,0.1
49be,1005,981,3,0.1
49be,981,966,3,0.11
49be,966,948,3,0.1
49be,948,937,3,0.1
49be,937,931,3,0.1
49be,931,917,3,0.1
49be,917,901,3,0.1
49be,901,898,1,0.27
49be,898,899,1,0.17
49be,899,887,1,0.21
49be,887,598,1,0.15
49be,598,599,1,0.35
49be,599,600,1,0.36
49be,600,601,1,0.42
49be,601,602,1,0.58
49be,602,603,1,0.16
49be,603,604,1,0.46
49be,604,605,1,0.24
49be,605,606,1,0.14
49be,606,607,1,0.37
49be,607,608,1,0.22
49be,608,609,1,0.49
49be,609,610,1,0.54
49be,610,611,1,0.86
49be,611,612,1,0.54
49be,612,613,1,1.67
49be,613,614,1,0.11
49be,614,615,1,0.47
49be,615,616,1,0.33
49be,616,617,3,0.44
49be,617,618,3,1.04
49be,618,619,3,0.3
49be,619,620,3,0.12
49be,620,621,3,0.12
49be,621,622,3,0.48
49be,622,628,3,0.69
49be,628,629,3,0.18
49be,629,630,5,0.65
4a,600,692,2,0.51
4a,692,691,2,0.36
4a,691,689,2,0.4
4a,689,699,2,0.39
4a,699,730,2,0.44
4a,730,735,2,0.39
4a,735,742,2,0.19
4a,742,741,2,0.28
4a,741,743,2,0.64
4a,743,768,2,0.38
4a,768,767,2,0.22
4a,767,771,2,0.87
4a,771,770,2,0.36
4a,770,788,2,0.46
4a,788,808,2,0.17
4a,808,817,2,0.37
4a,817,823,2,0.44
4a,823,833,2,0.52
4a,833,834,2,0.2
4a,834,846,5,0.76
4a,846,856,5,1.06
4a,856,857,2,0.94
4b,857,856,2,0.94
4b,856,846,5,1.06
4b,846,834,5,0.76
4b,834,833,2,0.2
4b,833,823,2,0.52
4b,823,817,2,0.44
4b,817,808,2,0.37
4b,808,788,2,0.17
4b,788,770,2,0.46
4b,770,771,2,0.36
4b,771,767,2,0.87
4b,767,768,2,0.22
4b,768,743,2,0.38
4b,743,741,2,0.64
4b,741,742,2,0.28
4b,742,735,2,0.19
4b,735,730,2,0.39
4b,730,699,2,0.44
4b,699,689,2,0.39
4b,689,691,2,0.4
4b,691,692,2,0.36
4b,692,600,2,0.51
50ae,626,625,5,1.03
50ae,625,620,5,0.81
50ae,620,619,3,0.12
50ae,619,618,3,0.3
50ae,618,617,3,1.04
50ae,617,616,3,0.44
50ae,616,615,1,0.33
50ae,615,614,1,0.47
50ae,614,613,1,0.11
50ae,613,612,1,1.67
50ae,612,611,1,0.54
50ae,611,610,1,0.86
50ae,610,609,1,0.54
50ae,609,608,1,0.49
50ae,608,607,1,0.22
50ae,607,606,1,0.37
50ae,606,605,1,0.14
50ae,605,604,1,0.24
50ae,604,603,1,0.46
50ae,603,602,1,0.16
50ae,602,601,1,0.58
50ae,601,600,1,0.42
50ae,600,599,1,0.36
50ae,599,598,1,0.35
50ae,598,887,1,0.15
50ae,887,899,1,0.22
50ae,899,898,1,0.17
50ae,898,901,1,0.27
50ae,901,917,3,0.1
50ae,917,931,3,0.1
50ae,931,937,3,0.1
50ae,937,948,3,0.1
50ae,948,966,3,0.1
50ae,966,981,3,0.11
50ae,981,1005,3,0.1
50ae,1005,1021,3,0.1
50ae,1021,1025,3,0.1
50ae,1025,1042,3,0.12
50ae,1042,1043,3,0.18
50ae,1043,1044,3,0.1
50ae,1044,1045,3,0.11
50ae,1045,1046,3,0.07
50ae,1046,1047,3,0.09
50ae,1047,1050,3,0.07
50ae,1050,1049,5,0.19
50ae,1049,1048,5,0.19
50be,1048,1046,5,0.16
50be,1046,1045,3,0.07
50be,1045,1044,3,0.11
50be,1044,1043,3,0.1
50be,1043,1042,3,0.18
50be,1042,1025,3,0.12
50be,1025,1021,3,0.1
50be,1021,1005,3,0.1
50be,1005,981,3,0.1
50be,981,966,3,0.11
50be,966,948,3,0.1
50be,948,937,3,0.1
50be,937,931,3,0.1
50be,931,917,3,0.1
50be,917,901,3,0.1
50be,901,898,1,0.27
50be,898,899,1,0.17
50be,899,887,1,0.21
50be,887,598,1,0.15
50be,598,599,1,0.35
50be,599,600,1,0.36
50be,600,601,1,0.42
50be,601,602,1,0.58
50be,602,603,1,0.16
50be,603,604,1,0.46
50be,604,605,1,0.24
50be,605,606,1,0.14
50be,606,607,1,0.37
50be,607,608,1,0.22
50be,608,609,1,0.49
50be,609,610,1,0.54
50be,610,611,1,0.86
50be,611,612,1,0.54
50be,612,613,1,1.67
50be,613,614,1,0.11
50be,614,615,1,0.47
50be,615,616,1,0.33
50be,616,617,3,0.44
50be,617,618,3,1.04
50be,618,619,3,0.3
50be,619,620,3,0.12
50be,620,625,5,0.81
50be,625,626,5,1.03
51ae,617,616,3,0.44
51ae,616,615,3,0.33
51ae,615,614,3,0.47
51ae,614,613,3,0.11
51ae,613,612,3,1.67
51ae,612,611,3,0.54
51ae,611,610,3,0.86
51ae,610,609,3,0.54
51ae,609,608,3,0.49
51ae,608,607,3,0.22
51ae,607,606,1,0.37
51ae,606,605,1,0.14
51ae,605,604,1,0.24
51ae,604,603,1,0.46
51ae,603,602,1,0.16
51ae,602,601,1,0.58
51ae,601,600,1,0.42
51ae,600,599,1,0.36
51ae,599,598,1,0.35
51ae,598,887,1,0.15
51ae,887,899,1,0.22
51ae,899,898,1,0.17
51ae,898,901,1,0.27
51ae,901,917,3,0.1
51ae,917,931,3,0.1
51ae,931,937,3,0.1
51ae,937,948,3,0.1
51ae,948,966,3,0.1
51ae,966,981,3,0.11
51ae,981,1005,3,0.1
51ae,1005,1021,3,0.1
51ae,1021,1025,3,0.1
51ae,1025,1042,3,0.12
51ae,1042,1043,3,0.18
51ae,1043,1044,3,0.1
51ae,1044,1045,3,0.11
51ae,1045,1046,3,0.07
51ae,1046,1047,3,0.09
51ae,1047,1050,3,0.07
51ae,1050,1049,5,0.19
51ae,1049,1048,5,0.19
51be,1048,1046,5,0.16
51be,1046,1045,3,0.07
51be,1045,1044,3,0.11
51be,1044,1043,3,0.1
51be,1043,1042,3,0.18
51be,1042,1025,3,0.12
51be,1025,1021,3,0.1
51be,1021,1005,3,0.1
51be,1005,981,3,0.1
51be,981,966,3,0.11
51be,966,948,3,0.1
51be,948,937,3,0.1
51be,937,931,3,0.1
51be,931,917,3,0.1
51be,917,901,3,0.1
51be,901,898,1,0.27
51be,898,899,1,0.17
51be,899,887,1,0.21
51be,887,598,1,0.15
51be,598,599,1,0.35
51be,599,600,1,0.36
51be,600,601,1,0.42
51be,601,602,1,0.58
51be,602,603,1,0.16
51be,603,604,1,0.46
51be,604,605,1,0.24
51be,605,606,1,0.14
51be,606,607,1,0.37
51be,607,608,3,0.22
51be,608,609,3,0.49
51be,609,610,3,0.54
51be,610,611,3,0.86
51be,611,612,3,0.54
51be,612,613,3,1.67
51be,613,614,3,0.11
51be,614,615,3,0.47
51be,615,616,3,0.33
51be,616,617,3,0.44
52a,877,854,5,0.69
52a,854,852,3,0.24
52a,852,849,3,0.87
52a,849,830,3,0.77
52a,830,825,3,0.52
52a,825,814,3,0.44
52a,814,810,3,0.26
52a,810,785,3,0.27
52a,785,776,3,0.46
52a,776,777,3,0.35
52a,777,778,3,0.24
52a,778,738,3,0.33
52a,738,913,3,0.26
52a,913,912,3,0.2
52a,912,911,3,0.12
52a,911,910,3,0.09
52a,910,909,3,0.17
52a,909,908,3,0.14
52a,908,906,3,0.19
52a,906,915,3,0.11
52a,915,932,3,0.29
52a,932,931,3,0.26
52a,931,930,3,0.1
52a,930,938,3,0.1
52a,938,947,3,0.1
52a,947,967,3,0.1
52a,967,980,3,0.1
52a,980,1006,3,0.1
52a,1006,1005,3,0.19
52b,1005,1004,3,0.15
52b,1004,1002,3,0.13
52b,1002,984,3,0.08
52b,984,963,3,0.17
52b,963,953,3,0.17
52b,953,952,3,0.16
52b,952,933,3,0.08
52b,933,909,3,0.07
52b,909,910,3,0.17
52b,910,911,3,0.09
52b,911,912,3,0.12
52b,912,913,3,0.2
52b,913,738,3,0.26
52b,738,778,3,0.33
52b,778,777,3,0.24
52b,777,776,3,0.35
52b,776,785,3,0.46
52b,785,810,3,0.27
52b,810,814,3,0.26
52b,814,825,3,0.44
52b,825,830,3,0.52
52b,830,849,3,0.77
52b,849,852,3,0.87
52b,852,854,3,0.24
52b,854,877,5,0.69
53a,739,733,3,0.47
53a,733,879,3,0.12
53a,879,880,3,0.1
53a,880,881,3,0.16
53a,881,882,3,0.1
53a,882,883,3,0.22
53a,883,697,3,0.39
53a,697,696,3,0.39
53a,696,693,3,0.36
53a,693,598,3,0.18
53a,598,597,3,0.25
53a,597,596,3,0.1
53a,596,888,3,0.27
53a,888,889,3,0.09
53a,889,893,3,0.31
53a,893,923,3,0.16
53a,923,925,3,0.17
53a,925,941,3,0.1
53a,941,944,3,0.11
53a,944,970,3,0.09
53a,970,975,3,0.1
53a,975,1011,3,0.1
53a,1011,1015,3,0.1
53a,1015,1032,3,0.06
53a,1032,1031,3,0.05
53a,1031,1036,3,0.11
53a,1036,1037,3,0.18
53a,1037,1038,3,0.17
53a,1038,1039,3,0.17
53a,1039,1040,3,0.07
53a,1040,1041,3,0.07
53a,1041,1042,3,0.12
53a,1042,1043,3,0.18
53a,1043,1044,3,0.1
53a,1044,1045,3,0.11
53a,1045,1046,3,0.07
53a,1046,1047,3,0.09
53a,1047,1050,3,0.07
53a,1050,1049,5,0.19
53a,1049,1048,5,0.19
53b,1048,1046,5,0.16
53b,1046,1045,3,0.07
53b,1045,1044,3,0.11
53b,1044,1043,3,0.1
53b,1043,1042,3,0.18
53b,1042,1041,3,0.12
53b,1041,1040,3,0.07
53b,1040,1039,3,0.07
53b,1039,1038,3,0.17
53b,1038,1037,3,0.17
53b,1037,1036,3,0.18
53b,1036,1031,3,0.11
53b,1031,1032,3,0.05
53b,1032,1015,3,0.06
53b,1015,1011,3,0.1
53b,1011,975,3,0.1
53b,975,970,3,0.1
53b,970,944,3,0.09
53b,944,941,3,0.11
53b,941,925,3,0.1
53b,925,923,3,0.17
53b,923,893,3,0.16
53b,893,889,3,0.31
53b,889,888,3,0.09
53b,888,596,3,0.27
53b,596,887,3,0.23
53b,887,694,3,0.14
53b,694,886,3,0.38
53b,886,885,3,0.4
53b,885,884,3,0.38
53b,884,881,3,0.13
53b,881,880,3,0.16
53b,880,879,3,0.1
53b,879,733,3,0.12
53b,733,739,3,0.47
54a,379,368,5,0.81
54a,368,367,2,0.72
54a,367,365,2,0.19
54a,365,364,2,0.8
54a,364,363,2,1.03
54a,363,362,2,0.62
54a,362,331,2,0.51
54a,331,330,2,0.53
54a,330,328,2,0.34
54a,328,327,2,0.41
54a,327,308,2,0.52
54a,308,305,2,0.26
54a,305,304,2,0.3
54a,304,412,2,0.38
54a,412,411,2,0.05
54a,411,410,2,0.1
54a,410,1034,2,0.18
54a,1034,1035,2,0.09
54a,1035,1036,2,0.22
54a,1036,1037,2,0.18
54a,1037,1038,2,0.17
54a,1038,1039,2,0.17
54a,1039,1026,2,0.12
54a,1026,1020,2,0.1
54a,1020,1019,2,0.05
54a,1019,1006,2,0.05
54a,1006,980,2,0.1
54a,980,967,2,0.1
54a,967,947,2,0.1
54a,947,938,2,0.1
54a,938,930,2,0.1
54a,930,918,2,0.09
54a,918,917,2,0.08
54b,917,931,2,0.1
54b,931,937,2,0.1
54b,937,948,2,0.1
54b,948,966,2,0.1
54b,966,981,2,0.11
54b,981,1005,2,0.1
54b,1005,1021,2,0.1
54b,1021,1025,2,0.1
54b,1025,1042,2,0.12
54b,1042,1041,2,0.12
54b,1041,1040,2,0.07
54b,1040,1039,2,0.07
54b,1039,1038,2,0.17
54b,1038,1037,2,0.17
54b,1037,1036,2,0.18
54b,1036,1035,2,0.22
54b,1035,1034,2,0.09
54b,1034,410,2,0.15
54b,410,411,2,0.1
54b,411,412,2,0.05
54b,412,304,2,0.38
54b,304,305,2,0.3
54b,305,308,2,0.26
54b,308,327,2,0.52
54b,327,328,2,0.41
54b,328,330,2,0.34
54b,330,331,2,0.53
54b,331,362,2,0.51
54b,362,363,2,0.62
54b,363,364,2,1.03
54b,364,365,2,0.8
54b,365,367,2,0.19
54b,367,368,2,0.72
54b,368,379,5,0.81
55a,370,369,2,0.52
55a,369,368,2,0.47
55a,368,367,2,0.72
55a,367,365,2,0.19
55a,365,364,2,0.8
55a,364,363,2,1.03
55a,363,362,2,0.62
55a,362,331,2,0.51
55a,331,330,2,0.53
55a,330,328,2,0.34
55a,328,327,2,0.41
55a,327,308,2,0.52
55a,308,305,2,0.26
55a,305,304,2,0.3
55a,304,412,2,0.38
55a,412,411,2,0.05
55a,411,410,2,0.1
55a,410,1034,2,0.18
55a,1034,1035,2,0.09
55a,1035,1036,2,0.22
55a,1036,1037,2,0.18
55a,1037,1038,2,0.17
55a,1038,1039,2,0.17
55a,1039,1026,2,0.12
55a,1026,1020,2,0.1
55a,1020,1019,2,0.05
55a,1019,1006,2,0.05
55a,1006,980,2,0.1
55a,980,967,2,0.1
55a,967,947,2,0.1
55a,947,938,2,0.1
55a,938,930,2,0.1
55a,930,918,2,0.09
55a,918,917,2,0.08
55b,917,931,2,0.1
55b,931,937,2,0.1
55b,937,948,2,0.1
55b,948,966,2,0.1
55b,966,981,2,0.11
55b,981,1005,2,0.1
55b,1005,1021,2,0.1
55b,1021,1025,2,0.1
55b,1025,1042,2,0.12
55b,1042,1041,2,0.12
55b,1041,1040,2,0.07
55b,1040,1039,2,0.07
55b,1039,1038,2,0.17
55b,1038,1037,2,0.17
55b,1037,1036,2,0.18
55b,1036,1035,2,0.22
55b,1035,1034,2,0.09
55b,1034,410,2,0.15
55b,410,411,2,0.1
55b,411,412,2,0.05
55b,412,304,2,0.38
55b,304,305,2,0.3
55b,305,308,2,0.26
55b,308,327,2,0.52
55b,327,328,2,0.41
55b,328,330,2,0.34
55b,330,331,2,0.53
55b,331,362,2,0.51
55b,362,363,2,0.62
55b,363,364,2,1.03
55b,364,365,2,0.8
55b,365,367,2,0.19
55b,367,368,2,0.72
55b,368,369,2,0.47
55b,369,370,2,0.52
56ae,474,473,5,0.44
56ae,473,475,5,0.22
56ae,475,472,2,0.52
56ae,472,471,2,0.67
56ae,471,467,2,0.22
56ae,467,463,2,0.16
56ae,463,460,2,0.19
56ae,460,469,2,1.09
56ae,469,462,2,0.64
56ae,462,457,2,0.72
56ae,457,456,2,0.87
56ae,456,455,2,0.87
56ae,455,434,2,0.18
56ae,434,454,2,0.13
56ae,454,452,1,0.75
56ae,452,451,1,1.04
56ae,451,445,1,0.72
56ae,445,444,1,0.22
56ae,444,443,1,0.33
56ae,443,442,1,0.22
56ae,442,441,1,0.45
56ae,441,440,1,0.52
56ae,440,438,1,0.24
56ae,438,437,1,0.71
56ae,437,436,1,0.46
56ae,436,423,1,0.7
56ae,423,415,1,0.73
56ae,415,414,1,0.23
56ae,414,973,1,0.35
56ae,973,1012,1,0.2
56ae,1012,1011,1,0.17
56ae,1011,1010,1,0.12
56ae,1010,1009,1,0.06
56ae,1009,1008,1,0.17
56ae,1008,978,1,0.1
56ae,978,968,1,0.09
56ae,968,967,1,0.17
56ae,967,966,1,0.16
56ae,966,965,1,0.2
56ae,965,949,1,0.1
56be,949,948,1,0.21
56be,948,947,1,0.14
56be,947,946,1,0.17
56be,946,945,1,0.17
56be,945,969,1,0.1
56be,969,977,1,0.11
56be,977,976,1,0.12
56be,976,975,1,0.06
56be,975,974,1,0.22
56be,974,973,1,0.08
56be,973,414,1,0.35
56be,414,415,1,0.23
56be,415,423,6,0.73
56be,423,9436,6,0.77
56be,9436,9437,6,0.37
56be,9437,9438,6,0.83
56be,9438,440,6,0.28
56be,440,441,1,0.52
56be,441,442,1,0.45
56be,442,443,1,0.22
56be,443,444,1,0.33
56be,444,445,1,0.22
56be,445,451,1,0.72
56be,451,452,1,1.04
56be,452,454,1,0.75
56be,454,434,2,0.13
56be,434,455,1,0.18
56be,455,456,2,0.87
56be,456,457,2,0.87
56be,457,462,2,0.72
56be,462,469,2,0.64
56be,469,460,2,1.09
56be,460,463,2,0.19
56be,463,467,2,0.16
56be,467,471,2,0.22
56be,471,472,2,0.67
56be,472,475,2,0.52
56be,475,473,5,0.22
56be,473,474,5,0.44
57a,259,260,1,0.91
57a,260,261,1,0.63
57a,261,279,1,0.18
57a,279,278,1,0.26
57a,278,283,1,0.63
57a,283,284,1,0.35
57a,284,285,1,0.86
57a,285,286,5,0.56
57a,286,57a_285,5,0.56
57a,57a_285,57a_284,1,0.86
57a,57a_284,57a_283_1,1,0.35
57a,57a_283_1,282,1,1.59
57a,282,281,5,0.43
57a,281,57a_282,5,0.43
57a,57a_282,57a_283_2,1,1.59
57a,57a_283_2,57a_278,1,0.63
57a,57a_278,57a_279,1,0.26
57a,57a_279,57a_261,1,0.18
57a,57a_261,57a_260,1,0.63
57a,57a_260,57a_259,1,0.91
58a,239,245,5,0.8
58a,245,244,3,0.91
58a,244,241,3,0.85
58a,241,219,3,0.43
58a,219,221,3,0.27
58a,221,202,3,0.53
58a,202,203,3,0.08
58a,203,167,3,0.59
58a,167,166,3,0.23
58a,166,165,3,0.2
58a,165,1055,3,0.37
58a,1055,1059,3,0.53
58a,1059,1052,3,0.19
58a,1052,994,3,0.12
58a,994,991,3,0.1
58a,991,990,3,0.13
58a,990,989,3,0.19
58a,989,988,3,0.16
58a,988,987,3,0.12
58a,987,986,3,0.1
58a,986,985,3,0.09
58a,985,984,3,0.09
58a,984,983,3,0.1
58a,983,982,3,0.06
58a,982,981,3,0.17
58a,981,980,3,0.18
58a,980,979,3,0.09
58a,979,978,3,0.07
58a,978,977,3,0.17
58a,977,976,3,0.12
58a,976,975,3,0.06
58a,975,970,3,0.1
58a,970,944,3,0.09
58a,944,941,3,0.11
58b,941,944,3,0.11
58b,944,970,3,0.09
58b,970,975,3,0.1
58b,975,1011,3,0.1
58b,1011,1010,3,0.12
58b,1010,1009,3,0.06
58b,1009,1008,3,0.17
58b,1008,1007,3,0.07
58b,1007,1006,3,0.1
58b,1006,1005,3,0.19
58b,1005,1004,3,0.15
58b,1004,1002,3,0.13
58b,1002,1001,3,0.17
58b,1001,1000,3,0.05
58b,1000,999,3,0.04
58b,999,998,3,0.12
58b,998,997,3,0.15
58b,997,996,3,0.09
58b,996,995,3,0.11
58b,995,994,3,0.12
58b,994,1052,3,0.12
58b,1052,1059,3,0.19
58b,1059,1055,3,0.53
58b,1055,165,3,0.37
58b,165,166,3,0.2
58b,166,167,3,0.23
58b,167,168,3,0.14
58b,168,202,3,0.6
58b,202,221,3,0.53
58b,221,219,3,0.27
58b,219,241,3,0.43
58b,241,244,3,0.85
58b,244,245,3,0.91
58b,245,239,5,0.8
59ae,264,262,5,0.91
59ae,262,261,2,1.63
59ae,261,254,1,0.42
59ae,254,253,1,0.32
59ae,253,250,1,1.21
59ae,250,248,1,0.48
59ae,248,247,1,0.73
59ae,247,246,1,0.26
59ae,246,243,1,0.88
59ae,243,242,1,0.64
59ae,242,222,1,0.93
59ae,222,204,1,0.6
59ae,204,205,1,0.26
59ae,205,1056,1,0.11
59ae,1056,1057,1,0.25
59ae,1057,1058,1,0.64
59ae,1058,1053,1,0.67
59ae,1053,1052,2,0.24
59ae,1052,1051,2,0.12
59ae,1051,1050,2,0.11
59ae,1050,1047,2,0.07
59ae,1047,1046,2,0.09
59ae,1046,1045,2,0.07
59ae,1045,1044,2,0.11
59ae,1044,1043,2,0.1
59ae,1043,1042,2,0.18
59ae,1042,1041,2,0.12
59ae,1041,1040,2,0.07
59ae,1040,1039,2,0.07
59ae,1039,1038,2,0.17
59ae,1038,1028,2,0.12
59ae,1028,1018,2,0.1
59ae,1018,1017,2,0.05
59ae,1017,1008,2,0.05
59ae,1008,978,2,0.1
59ae,978,968,2,0.09
59ae,968,946,2,0.1
59ae,946,939,2,0.1
59be,939,938,2,0.17
59be,938,947,2,0.1
59be,947,967,2,0.1
59be,967,980,2,0.1
59be,980,1006,2,0.1
59be,1006,1019,2,0.05
59be,1019,1020,2,0.05
59be,1020,1026,2,0.1
59be,1026,1039,2,0.12
59be,1039,1040,2,0.07
59be,1040,1041,2,0.07
59be,1041,1042,2,0.12
59be,1042,1043,2,0.18
59be,1043,1044,2,0.1
59be,1044,1045,2,0.11
59be,1045,1046,2,0.07
59be,1046,1047,2,0.09
59be,1047,1050,2,0.07
59be,1050,1051,2,0.11
59be,1051,1052,2,0.12
59be,1052,1053,2,0.24
59be,1053,1058,1,0.67
59be,1058,1057,1,0.64
59be,1057,1056,1,0.25
59be,1056,205,1,0.11
59be,205,204,1,0.26
59be,204,222,1,0.6
59be,222,242,1,0.93
59be,242,243,1,0.64
59be,243,246,1,0.88
59be,246,247,1,0.26
59be,247,248,1,0.73
59be,248,250,1,0.48
59be,250,253,1,1.21
59be,253,254,1,0.32
59be,254,261,1,0.42
59be,261,262,2,1.63
59be,262,264,5,0.91
5a,932,931,2,0.26
5a,931,937,2,0.1
5a,937,948,2,0.1
5a,948,966,2,0.1
5a,966,981,2,0.11
5a,981,1005,2,0.1
5a,1005,1021,2,0.1
5a,1021,1025,2,0.1
5a,1025,1042,2,0.12
5a,1042,1060,2,0.24
5a,1060,1061,2,0.09
5a,1061,1062,2,0.04
5a,1062,1063,2,0.3
5a,1063,1064,2,0.29
5a,1064,299,2,0.29
5a,299,298,2,0.33
5a,298,340,5,0.32
5a,340,300,5,0.53
5b,300,340,5,0.53
5b,340,298,5,0.32
5b,298,299,2,0.33
5b,299,1064,2,0.29
5b,1064,1063,2,0.29
5b,1063,1061,2,0.31
5b,1061,1060,2,0.09
5b,1060,1042,2,0.24
5b,1042,1025,2,0.12
5b,1025,1023,2,0.08
5b,1023,1022,2,0.07
5b,1022,1004,2,0.11
5b,1004,1003,2,0.05
5b,1003,982,2,0.04
5b,982,965,2,0.1
5b,965,949,2,0.1
5b,949,936,2,0.1
5b,936,932,2,0.1
60a,264,262,5,0.91
60a,262,261,2,1.63
60a,261,254,2,0.42
60a,254,253,2,0.32
60a,253,250,2,1.21
60a,250,248,2,0.48
60a,248,247,2,0.73
60a,247,246,2,0.26
60a,246,243,2,0.88
60a,243,242,2,0.64
60a,242,222,2,0.93
60a,222,204,2,0.6
60a,204,205,2,0.26
60a,205,1056,2,0.11
60a,1056,1057,2,0.25
60a,1057,1058,2,0.64
60a,1058,1053,2,0.67
60a,1053,1052,2,0.24
60a,1052,1051,2,0.12
60a,1051,1050,2,0.11
60a,1050,1047,2,0.07
60a,1047,1046,2,0.09
60a,1046,1045,2,0.07
60a,1045,1044,2,0.11
60a,1044,1043,2,0.1
60a,1043,1042,2,0.18
60a,1042,1041,2,0.12
60a,1041,1040,2,0.07
60a,1040,1039,2,0.07
60a,1039,1038,2,0.17
60a,1038,1028,2,0.12
60a,1028,1018,2,0.1
60a,1018,1017,2,0.05
60a,1017,1008,2,0.05
60a,1008,978,2,0.1
60a,978,968,2,0.09
60a,968,946,2,0.1
60a,946,939,2,0.1
60b,939,938,2,0.17
60b,938,947,2,0.1
60b,947,967,2,0.1
60b,967,980,2,0.1
60b,980,1006,2,0.1
60b,1006,1019,2,0.05
60b,1019,1020,2,0.05
60b,1020,1026,2,0.1
60b,1026,1039,2,0.12
60b,1039,1040,2,0.07
60b,1040,1041,2,0.07
60b,1041,1042,2,0.12
60b,1042,1043,2,0.18
60b,1043,1044,2,0.1
60b,1044,1045,2,0.11
60b,1045,1046,2,0.07
60b,1046,1047,2,0.09
60b,1047,1050,2,0.07
60b,1050,1051,2,0.11
60b,1051,1052,2,0.12
60b,1052,1053,2,0.24
60b,1053,1058,2,0.67
60b,1058,1057,2,0.64
60b,1057,1056,2,0.25
60b,1056,205,2,0.11
60b,205,204,2,0.26
60b,204,222,2,0.6
60b,222,242,2,0.93
60b,242,243,2,0.64
60b,243,246,2,0.88
60b,246,247,2,0.26
60b,247,248,2,0.73
60b,248,250,2,0.48
60b,250,253,2,1.21
60b,253,254,2,0.32
60b,254,261,2,0.42
60b,261,262,2,1.63
60b,262,264,5,0.91
61a,194,195,2,0.7
61a,195,196,2,0.41
61a,196,197,2,0.42
61a,197,198,2,0.25
61a,198,199,2,0.55
61a,199,200,2,0.15
61a,200,170,2,0.79
61a,170,169,2,0.23
61a,169,812,2,0.71
61a,812,811,2,0.49
61a,811,784,2,0.29
61a,784,781,2,0.47
61a,781,782,2,0.35
61a,782,783,2,0.12
61a,783,1054,2,0.07
61a,1054,1053,2,0.18
61a,1053,1052,2,0.24
61a,1052,1051,2,0.12
61a,1051,1050,2,0.11
61a,1050,1047,2,0.07
61a,1047,1046,2,0.09
61a,1046,1045,2,0.07
61a,1045,1044,2,0.11
61a,1044,1043,2,0.1
61a,1043,1042,2,0.18
61a,1042,1025,2,0.12
61a,1025,1021,2,0.1
61a,1021,1005,2,0.1
61a,1005,981,2,0.1
61a,981,966,2,0.11
61a,966,948,2,0.1
61a,948,937,2,0.1
61a,937,931,2,0.1
61a,931,917,2,0.1
61a,917,916,2,0.27
61b,916,932,2,0.1
61b,932,931,2,0.26
61b,931,937,2,0.1
61b,937,948,2,0.1
61b,948,966,2,0.1
61b,966,981,2,0.11
61b,981,1005,2,0.1
61b,1005,1021,2,0.1
61b,1021,1025,2,0.1
61b,1025,1042,2,0.12
61b,1042,1043,2,0.18
61b,1043,1044,2,0.1
61b,1044,1045,2,0.11
61b,1045,1046,2,0.07
61b,1046,1047,2,0.09
61b,1047,1050,2,0.07
61b,1050,1051,2,0.11
61b,1051,1052,2,0.12
61b,1052,1053,2,0.24
61b,1053,1054,2,0.18
61b,1054,783,2,0.07
61b,783,782,2,0.12
61b,782,781,2,0.35
61b,781,784,2,0.47
61b,784,811,2,0.29
61b,811,812,2,0.49
61b,812,169,2,0.71
61b,169,170,2,0.23
61b,170,200,2,0.79
61b,200,199,2,0.15
61b,199,198,2,0.55
61b,198,197,2,0.25
61b,197,196,2,0.42
61b,196,195,2,0.41
61b,195,194,2,0.7
62a,458,457,2,1.39
62a,457,480,2,0.78
62a,480,479,2,0.42
62a,479,483,2,0.75
62a,483,484,2,0.54
62a,484,485,2,0.57
62a,485,486,2,0.96
62a,486,492,2,0.36
62a,492,493,2,0.97
62a,493,1067,2,0.26
62a,1067,494,2,0.66
62a,494,496,2,0.52
62a,496,529,5,0.53
62a,529,524,5,0.77
62a,524,525,2,0.77
62a,525,526,2,0.83
62a,526,527,2,0.43
62a,527,519,2,0.22
62a,519,518,2,0.38
62a,518,517,2,0.75
62a,517,516,2,0.25
62a,516,608,2,0.24
62a,608,607,2,0.22
62a,607,606,2,0.37
62b,606,607,2,0.37
62b,607,608,2,0.22
62b,608,516,2,0.24
62b,516,517,2,0.22
62b,517,518,2,0.75
62b,518,519,2,0.38
62b,519,527,2,0.22
62b,527,526,2,0.43
62b,526,525,2,0.83
62b,525,524,2,0.77
62b,524,529,5,0.77
62b,529,496,5,0.53
62b,496,494,2,0.52
62b,494,1067,2,0.66
62b,1067,493,2,0.26
62b,493,492,2,0.97
62b,492,486,2,0.36
62b,486,485,2,0.96
62b,485,484,2,0.57
62b,484,483,2,0.54
62b,483,479,2,0.75
62b,479,480,2,0.42
62b,480,457,2,0.78
62b,457,458,2,1.39
63a,624,623,5,0.89
63a,623,622,5,0.78
63a,622,628,1,0.69
63b,628,622,1,0.69
63b,622,623,5,0.78
63b,623,624,5,0.89
64a,841,842,5,0.32
64a,842,858,5,0.92
64a,858,843,5,1.17
64a,843,845,5,0.51
64a,845,836,3,0.77
64a,836,822,3,0.32
64a,822,820,3,0.21
64a,820,819,3,0.44
64a,819,806,3,0.37
64a,806,790,3,0.18
64a,790,765,3,0.41
64a,765,766,3,0.21
64a,766,767,3,0.28
64a,767,768,3,0.22
64a,768,743,3,0.38
64a,743,736,3,0.51
64a,736,735,3,0.44
64a,735,734,3,0.5
64a,734,733,3,0.29
64a,733,912,3,0.5
64a,912,958,3,0.17
64a,958,959,3,0.16
64a,959,960,3,0.16
64a,960,988,3,0.16
64a,988,998,3,0.09
64a,998,997,3,0.15
64a,997,1047,3,0.09
64b,1047,1046,3,0.09
64b,1046,1045,3,0.07
64b,1045,998,3,0.1
64b,998,988,3,0.09
64b,988,960,3,0.16
64b,960,959,3,0.16
64b,959,958,3,0.16
64b,958,912,3,0.17
64b,912,733,3,0.5
64b,733,734,3,0.29
64b,734,735,3,0.5
64b,735,736,3,0.44
64b,736,743,3,0.51
64b,743,768,3,0.38
64b,768,767,3,0.22
64b,767,766,3,0.28
64b,766,765,3,0.21
64b,765,790,3,0.41
64b,790,806,3,0.18
64b,806,819,3,0.37
64b,819,820,3,0.44
64b,820,822,3,0.21
64b,822,836,3,0.32
64b,836,845,3,0.77
64b,845,843,5,0.51
64b,843,858,5,1.17
64b,858,842,5,0.92
64b,842,841,5,0.32
65a,606,605,3,0.14
65a,605,604,3,0.24
65a,604,679,5,0.57
65a,679,680,5,0.75
65a,680,681,5,0.4
65a,681,702,5,0.37
65a,702,701,5,0.44
65a,701,700,5,0.16
65a,700,699,5,0.96
65a,699,730,3,0.44
65a,730,735,3,0.39
65a,735,734,3,0.5
65a,734,733,3,0.29
65a,733,912,3,0.5
65a,912,958,3,0.17
65a,958,959,3,0.16
65a,959,960,3,0.16
65a,960,988,3,0.16
65a,988,998,3,0.09
65a,998,997,3,0.15
65a,997,1047,3,0.09
65b,1047,1046,3,0.09
65b,1046,1045,3,0.07
65b,1045,998,3,0.1
65b,998,988,3,0.09
65b,988,960,3,0.16
65b,960,959,3,0.16
65b,959,958,3,0.16
65b,958,912,3,0.17
65b,912,733,3,0.5
65b,733,734,3,0.29
65b,734,735,3,0.5
65b,735,730,3,0.39
65b,730,699,3,0.44
65b,699,700,5,0.96
65b,700,701,5,0.16
65b,701,702,5,0.44
65b,702,681,5,0.37
65b,681,680,5,0.4
65b,680,679,5,0.75
65b,679,604,5,0.57
65b,604,605,3,0.24
65b,605,606,3,0.14
66a,595,593,5,1.16
66a,593,592,5,0.16
66a,592,591,5,0.6
66a,591,889,5,0.37
66a,889,893,3,0.31
66a,893,923,3,0.16
66a,923,925,3,0.17
66a,925,941,3,0.1
66a,941,940,3,0.19
66a,940,939,3,0.17
66a,939,938,3,0.17
66a,938,937,3,0.12
66a,937,948,3,0.1
66a,948,966,3,0.1
66a,966,981,3,0.11
66a,981,1005,3,0.1
66a,1005,1021,3,0.1
66a,1021,1025,3,0.1
66a,1025,1042,3,0.12
66a,1042,1060,3,0.24
66a,1060,1061,3,0.09
66a,1061,1062,3,0.04
66a,1062,1063,3,0.3
66a,1063,1064,3,0.29
66a,1064,299,3,0.29
66a,299,298,3,0.33
66a,298,297,3,0.59
66a,297,314,3,0.5
66a,314,313,3,0.36
66a,313,312,3,0.45
66a,312,311,3,0.1
66a,311,326,3,0.5
66b,326,308,5,0.9
66b,308,303,3,0.47
66b,303,302,3,0.1
66b,302,301,3,0.52
66b,301,299,3,0.49
66b,299,1064,3,0.29
66b,1064,1063,3,0.29
66b,1063,1061,3,0.31
66b,1061,1060,3,0.09
66b,1060,1042,3,0.24
66b,1042,1025,3,0.12
66b,1025,1023,3,0.08
66b,1023,1022,3,0.07
66b,1022,1004,3,0.11
66b,1004,1003,3,0.05
66b,1003,982,3,0.04
66b,982,965,3,0.1
66b,965,949,3,0.1
66b,949,936,3,0.1
66b,936,932,3,0.1
66b,932,931,3,0.26
66b,931,930,3,0.1
66b,930,928,3,0.17
66b,928,927,3,0.17
66b,927,925,3,0.19
66b,925,923,3,0.17
66b,923,893,3,0.16
66b,893,889,3,0.31
66b,889,591,5,0.37
66b,591,592,5,0.6
66b,592,593,5,0.16
66b,593,595,5,1.16
67a,595,593,5,1.16
67a,593,592,5,0.16
67a,592,591,5,0.6
67a,591,889,5,0.37
67a,889,893,3,0.31
67a,893,923,3,0.16
67a,923,925,3,0.17
67a,925,941,3,0.1
67a,941,940,3,0.19
67a,940,939,3,0.17
67a,939,938,3,0.17
67a,938,937,3,0.12
67a,937,948,3,0.1
67a,948,966,3,0.1
67a,966,981,3,0.11
67a,981,1005,3,0.1
67a,1005,1021,3,0.1
67a,1021,1025,3,0.1
67a,1025,1042,3,0.12
67a,1042,1060,3,0.24
67a,1060,1061,3,0.09
67a,1061,1062,3,0.04
67a,1062,1063,3,0.3
67a,1063,1064,3,0.29
67a,1064,299,3,0.29
67a,299,301,3,0.49
67a,301,302,3,0.52
67a,302,303,3,0.1
67a,303,308,3,0.47
67a,308,326,5,0.9
67b,326,311,3,0.5
67b,311,312,3,0.1
67b,312,313,3,0.45
67b,313,314,3,0.36
67b,314,297,3,0.5
67b,297,298,3,0.59
67b,298,299,3,0.33
67b,299,1064,3,0.29
67b,1064,1063,3,0.29
67b,1063,1061,3,0.31
67b,1061,1060,3,0.09
67b,1060,1042,3,0.24
67b,1042,1025,3,0.12
67b,1025,1023,3,0.08
67b,1023,1022,3,0.07
67b,1022,1004,3,0.11
67b,1004,1003,3,0.05
67b,1003,982,3,0.04
67b,982,965,3,0.1
67b,965,949,3,0.1
67b,949,936,3,0.1
67b,936,932,3,0.1
67b,932,931,3,0.26
67b,931,930,3,0.1
67b,930,928,3,0.17
67b,928,927,3,0.17
67b,927,925,3,0.19
67b,925,923,3,0.17
67b,923,893,3,0.16
67b,893,889,3,0.31
67b,889,591,5,0.37
67b,591,592,5,0.6
67b,592,593,5,0.16
67b,593,595,5,1.16
6a,826,825,5,0.52
6a,825,824,5,0.61
6a,824,823,5,0.61
6a,823,822,5,1.25
6b,822,823,5,1.25
6b,823,824,5,0.61
6b,824,825,5,0.61
6b,825,826,5,0.52
7a,569,568,5,0.62
7a,568,559,5,0.93
7a,559,558,2,0.5
7a,558,557,2,0.42
7a,557,556,2,1
7a,556,555,2,0.38
7a,555,554,2,0.36
7a,554,553,2,0.93
7a,553,552,2,1.09
7a,552,551,2,2.12
7a,551,550,2,0.45
7a,550,549,2,0.55
7a,549,527,2,0.78
7a,527,519,2,0.22
7a,519,518,2,0.38
7a,518,517,2,0.75
7a,517,516,2,0.25
7a,516,608,2,0.24
7a,608,607,2,0.22
7a,607,606,2,0.37
7b,606,607,2,0.37
7b,607,608,2,0.22
7b,608,516,2,0.24
7b,516,517,2,0.22
7b,517,518,2,0.75
7b,518,519,2,0.38
7b,519,527,2,0.22
7b,527,549,2,0.78
7b,549,550,2,0.55
7b,550,551,2,0.45
7b,551,552,2,2.12
7b,552,553,2,1.09
7b,553,554,2,0.93
7b,554,555,2,0.36
7b,555,556,2,0.38
7b,556,557,2,1
7b,557,558,2,0.42
7b,558,559,2,0.5
7b,559,568,5,0.93
7b,568,569,5,0.62
8a,569,570,5,1.27
8a,570,573,5,0.85
8a,573,556,5,0.87
8a,556,555,1,0.38
8a,555,574,5,0.49
8a,574,577,5,1.65
8a,577,576,5,0.72
8a,576,552,5,1.05
8b,552,576,5,1.05
8b,576,577,5,0.72
8b,577,574,5,1.65
8b,574,555,5,0.49
8b,555,556,1,0.38
8b,556,573,5,0.87
8b,573,570,5,0.85
8b,570,569,5,1.27
9a,307,306,5,0.38
9a,306,305,5,0.4
9a,305,304,3,0.3
9a,304,412,3,0.38
9a,412,411,3,0.05
9a,411,410,3,0.1
9a,410,1034,3,0.18
9a,1034,1035,3,0.09
9a,1035,1036,3,0.22
9a,1036,1037,3,0.18
9a,1037,1038,3,0.17
9a,1038,1028,3,0.12
9a,1028,1027,3,0.08
9a,1027,1026,3,0.09
9a,1026,1025,3,0.24
9b,1025,1042,3,0.12
9b,1042,1041,3,0.12
9b,1041,1040,3,0.07
9b,1040,1039,3,0.07
9b,1039,1038,3,0.17
9b,1038,1037,3,0.17
9b,1037,1036,3,0.18
9b,1036,1035,3,0.22
9b,1035,1034,3,0.09
9b,1034,410,3,0.15
9b,410,411,3,0.1
9b,411,412,3,0.05
9b,412,304,3,0.38
9b,304,305,3,0.3
9b,305,306,5,0.4
9b,306,307,5,0.38
