shape_id,route_id,frequency,capacity,stops
10a,10a,8,240,527,526,525,524,523,510,504,503,502,423,422,419,418,890,891,892,893,894,895,900,901,917,931,937,948,966,981,1005,1021,1025,1042,1043,1044,1045,1046,1047,1050,1051,1052,1053,1054,783,782,781,784,811,813,826,829,850,849,847,846,845,857
10b,10b,8,240,857,845,846,847,849,850,829,826,813,811,784,781,782,783,1054,1053,1052,1051,1050,1047,1046,1045,1044,1043,1042,1025,1021,1005,981,966,948,937,931,917,901,900,895,894,893,892,891,890,418,419,422,423,502,503,504,510,523,524,525,526,527
11a,11a,8,240,527,526,525,524,523,510,504,503,502,423,422,419,418,890,891,892,893,894,895,900,901,917,931,937,948,966,981,1005,1021,1025,1042,1043,1044,1045,1046,1047,1050,1051,1052,1053,1054,783,782,781,784,811,813,826,829,850,851,853,878
11b,11b,8,240,878,853,851,850,829,826,813,811,784,781,782,783,1054,1053,1052,1051,1050,1047,1046,1045,1044,1043,1042,1025,1021,1005,981,966,948,937,931,917,901,900,895,894,893,892,891,890,418,419,422,423,502,503,504,510,523,524,525,526,527
12a,12a,5,150,520,521,522,511,509,505,421,422,417,415,413,411,410,1034,1035,1036,1037,1038,1039,1026,1020,1019,1006,1005
12b,12b,5,150,1005,1021,1025,1042,1041,1040,1039,1038,1037,1036,1035,1034,410,413,414,416,419,420,421,505,509,511,522,521,520
13a,13a,3,90,617,648,649,651,650,647,641,638,637
13b,13b,3,90,637,638,641,647,648,617
14a,14a,2,60,365,361,360,359,14a_360,14a_361,342,338,339,347,453,454,434,455,456,457,462,465
14b,14b,2,60,465,462,457,456,455,434,454,453,347,339,338,342,361,360,359,14b_360,14b_361,365
15ae,15ae,9,270,183,182,181,180,179,178,177,176,175,174,173,172,171,170,169,168,167,166,165,1055,1059,1051,1050,1047,1046,1045,1044,1043,1042,1025,1021,1005,981,966,948,937,931,917,901
16a,16a,12,360,181,180,179,178,177,176,175,174,173,172,171,170,169,168,167,166,165,1055,1059,1051,1050,1047,1046,1045,1044,1043,1042,1025,1021,1005,981,966,948,937,931,917,901,898,899,887,598,599,600,601,602,603,604,605,606,607,670
16b,16b,12,360,670,607,606,605,604,603,602,601,600,599,598,887,899,898,901,917,931,937,948,966,981,1005,1021,1025,1042,1043,1044,1045,1046,1047,1050,1051,1059,1055,165,166,167,168,169,170,171,172,173,174,175,176,177,178,179,180,181
17a,17a,4,120,183,182,181,180,179,178,177,176,175,174,173,172,171,170,169,168,167,166,165,1055,1059,1051,1050,1047,1046,1045,1044,1043,1042,1025,1021,1005,981,966,948,937,931,917,901,898,899,887,598,599,600,601,602,603,604,605,606,607,670
17b,17b,4,120,670,607,606,605,604,603,602,601,600,599,598,887,899,898,901,917,931,937,948,966,981,1005,1021,1025,1042,1043,1044,1045,1046,1047,1050,1051,1059,1055,165,166,167,168,169,170,171,172,173,174,175,176,177,178,179,180,181,182,183
18a,18a,4,120,208,209,180,179,178,177,176,175,174,173,172,171,170,169,168,167,166,165,1055,1059,1051,1050,1047,1046,1045,1044,1043,1042,1025,1021,1005,981,966,948,937,931,917,901,898,899,887,598,599,600,601,602,603,604,605,606,607,670
18b,18b,4,120,670,607,606,605,604,603,602,601,600,599,598,887,899,898,901,917,931,937,948,966,981,1005,1021,1025,1042,1043,1044,1045,1046,1047,1050,1051,1059,1055,165,166,167,168,169,170,171,172,173,174,175,176,177,178,179,180,209,208
19a,19a,4,120,343,342,338,337,336,332,331,330,328,327,308,305,304,412,411,410,1034,1035,1036,1037,1038,1028,1027,1026,1025,1021,1005,981,966,948,937,931,917,916,902,903,904,886,696,695,691,690,686,683,680,676,673,675,674,664,663,662
19b,19b,4,120,662,663,664,674,675,673,676,680,683,686,690,691,695,696,886,904,903,898,901,917,931,937,948,966,981,1005,1021,1025,1042,1041,1040,1039,1038,1037,1036,1035,1034,410,411,412,304,305,308,327,328,330,331,332,336,337,338,342,343
1a,1a,2,60,775,773,787,809,808,807,806,805,803
1b,1b,2,60,803,805,806,807,808,809,787,773,775
20a,20a,4,120,346,345,344,343,342,338,337,336,332,331,330,328,327,308,305,304,412,411,410,1034,1035,1036,1037,1038,1028,1027,1026,1025,1021,1005,981,966,948,937,931,917,916,902,903,904,886,696,695,691,690,686,683,680,676,673,675,674,664,663,662
20b,20b,4,120,662,663,664,674,675,673,676,680,683,686,690,691,695,696,886,904,903,898,901,917,931,937,948,966,981,1005,1021,1025,1042,1041,1040,1039,1038,1037,1036,1035,1034,410,411,412,304,305,308,327,328,330,331,332,336,337,338,342,343,344,345,346
21a,21a,4,120,351,350,349,348,344,343,342,338,337,336,332,331,330,328,327,308,305,304,412,411,410,1034,1035,1036,1037,1038,1028,1027,1026,1025,1021,1005,981,966,948,937,931,917,916,902,903,904,886,696,695,691,690,686,683,680,676,673,675,674,664,663,662
21b,21b,4,120,662,663,664,674,675,673,676,680,683,686,690,691,695,696,886,904,903,898,901,917,931,937,948,966,981,1005,1021,1025,1042,1041,1040,1039,1038,1037,1036,1035,1034,410,411,412,304,305,308,327,328,330,331,332,336,337,338,342,343,344,348,349,350,351
22a,22a,3,90,855,856,857,858,842,841
22b,22b,3,90,841,842,858,857,856,855
23a,23a,4,120,628,629,631,560,561,559,558,557,556,555,554,575,576,581,582,533,532,531,530,529,528,500,499,498,437,436,423,415,414,973,1012,1011,1010,1009,1008,1007,1006,1005,1004,1003,982
23b,23b,4,120,982,981,980,979,978,977,976,975,974,973,414,415,423,9436,9437,498,499,500,528,529,530,531,532,533,582,581,576,575,554,555,556,557,558,559,561,560,631,629,628
24a,24a,4,120,721,722,723,718,717,715,714,716,703,676,678,606,607,608,516,517,518,519,527,533,532,531,530,529,528,500,499,498,437,436,423,415,414,973,1012,1011,1010,1009,1008,1007,1006,1005,1004,1003,982
24b,24b,4,120,982,981,980,979,978,977,976,975,974,973,414,415,423,9436,9437,498,499,500,528,529,530,531,532,533,527,519,518,517,516,608,607,670,192,671,673,713,714,715,717,718,723,722,721
25a,25a,7,210,229,233,232,237,238,241,219,221,202,203,204,205,1056,1057,1058,1053,993,992,991,990,989,988,987,986,985,984,983,982,981,980,979,978,977,976,975,970,944,941,940
25b,25b,7,210,940,945,969,977,1009,1008,1007,1006,1005,1004,1002,1001,1000,999,998,997,996,995,994,993,1053,1058,1057,1056,205,204,203,202,221,219,241,238,237,232,233,229
26a,26a,2,60,537,536,535,534,533,527,519,518,517,516,608,607,606
26b,26b,2,60,606,607,608,516,517,518,519,527,533,534,535,536,537
27ae,27ae,3,90,461,465,469,462,457,456,455,434,454,452,451,445,444,443,442,441,440,438,437,436,423,415,414,973,1012,1011,1010,1009,1008,978,968,967,966,965,949
27be,27be,4,120,949,948,947,946,945,969,977,976,975,974,973,414,415,423,9436,9437,9438,440,441,442,443,444,445,451,452,454,434,455,456,457,462,469,465,461
28a,28a,2,60,179,191,210,209,208,207,206
28b,28b,2,60,206,207,208,209,210,191,179
29a,29a,2,60,247,288,289,320,321,322,381,387,390,401,367,360,343,347,453,454,434,458
29b,29b,2,60,458,434,454,453,347,343,360,367,401,390,387,381,322,321,320,289,288,247
2a,2a,2,60,1042,1060,1061,1062,1063,1064,299,298,297,294,293,317,318,319,320,321,322,382,385,386,397,394,390
2b,2b,2,60,390,394,397,386,385,382,322,321,320,319,318,317,293,294,297,298,299,1064,1063,1061,1041,1042
30a,30a,2,60,857,856,855,854,853,878,876,875,874,873,872
30b,30b,2,60,872,873,874,875,876,878,853,854,855,856,857
31a,31a,4,120,609,667,666,660,661,662,663,707,710,711,715,717,719,722,750,749,746,744,743,741,740,739,738,737,991,994,1052,1051,1050,996
31b,31b,4,120,996,995,994,991,737,738,739,740,741,743,744,746,749,750,722,719,711,710,707,663,662,661,660,666,667,609
32a,32a,9,270,383,380,324,325,409,317,316,315,312,309,302,304,412,411,410,1034,1035,1036,1037,1038,1028,1027,1026,1025
32b,32b,9,270,1025,1042,1041,1040,1039,1038,1037,1036,1035,1034,410,411,412,304,303,310,311,316,317,409,325,324,380,383
33a,33a,5,150,548,518,517,515,514,513,512,507,506,593,592,596,888,889,893,923,922,921,920,919,918,930,938,947,967,980,1006,1019,1020,1026,1025,1023,1022,1002,984,963,953,952,933,909,910,911,912,913,738,778,777,774,773,787,809,816,824,832,847,848,855,856,857
33b,33b,5,150,857,856,855,848,847,832,824,816,809,787,773,774,777,778,738,913,912,911,910,954,955,962,986,1001,1024,1023,1022,1021,1020,1019,1006,980,967,947,938,930,918,919,920,895,894,893,889,888,596,597,593,506,507,512,513,514,515,517,518,548
34a,34a,5,150,442,441,440,439,499,501,504,509,508,507,506,593,592,596,888,889,893,923,922,921,920,919,918,930,938,947,967,980,1006,1019,1020,1026,1025,1023,1022,1002,984,963,953,952,933,909,910,911,912,913,738,778,777,774,773,787,809,816,824,832,847,848,855,856,857
34b,34b,5,150,857,856,855,848,847,832,824,816,809,787,773,774,777,778,738,913,912,911,910,954,955,962,986,1001,1024,1023,1022,1021,1020,1019,1006,980,967,947,938,930,918,919,920,895,894,893,889,888,596,597,593,506,507,508,509,504,501,499,439,440,441,442
35ae,35ae,4,120,841,844,843,845,836,822,820,819,806,790,765,766,767,768,743,736,729,730,731,732,883,884,908,914,934,951,950,949,965,982,1003,1004,1022,1021
35be,35be,4,120,1021,1005,981,966,965,964,963,953,952,933,909,881,882,732,731,730,729,736,743,768,767,766,765,790,806,819,820,822,836,845,843,844,841
36a,36a,4,120,430,431,425,432,433,435,441,442
36b,36b,4,120,442,441,435,433,432,425,431,430
37a,37a,9,270,801,800,839,838,837,804,819,818,817,816,815,814,813,811,784,781,782,783,1054,1053,1052,1051,1050,1047,1046,1045,1044,1043,1042,1025,1021,1005,981,966,948,937,931,917,916,902,905,906,907,885,697,698,689,688,687,682,681,703,713,714,715,711,710,709
37b,37b,9,270,709,710,711,715,714,716,703,681,682,687,688,689,698,697,885,907,906,915,932,931,937,948,966,981,1005,1021,1025,1042,1043,1044,1045,1046,1047,1050,1051,1052,1053,1054,783,782,781,784,811,813,814,815,816,817,818,819,804,837,838,839,800,801
38ae,38ae,10,300,628,632,638,639,640,648,649,651,653,656,658,659,667,669,670,607,606,605,604,603,602,601,600,599,598,887,899,898,901,917,931,937,948,966,981,1005,1021,1025,1042,1043,1044,1045,1046,1047,1050,1049,1048
38be,38be,10,300,1048,1046,1045,1044,1043,1042,1025,1021,1005,981,966,948,937,931,917,901,898,899,887,598,599,600,601,602,603,604,605,606,607,670,669,667,659,658,656,653,651,649,648,640,639,638,632,628
39a,39a,4,120,210,211,212,193,177,176,175,174,195,215,216,231,232,233,239,245,246,247,248,250,252,279,275,262,263
39b,39b,4,120,263,262,275,279,252,250,248,247,246,245,239,233,232,231,216,215,195,174,175,176,177,193,212,211,210
3a,3a,3,90,600,692,691,689,699,730,735,742,741,743,768,767,771,770,788,808,817,823,833,834,835,836,837,838,839,800,801
3b,3b,3,90,801,800,839,838,837,836,835,834,833,823,817,808,788,770,771,767,768,743,741,742,735,730,699,689,691,692,600
40a,40a,7,210,746,744,743,741,742,735,730,731,732,883,884,908,914,934,951,950,949,965,982,1003,1004,1022,1021
40b,40b,7,210,1021,1005,981,966,965,964,963,953,952,933,909,881,882,732,731,730,729,728,727,726,725,724,745,746
41a,41a,7,210,721,722,723,724,725,726,727,728,729,730,731,732,883,884,908,914,934,951,950,949,965,982,1003,1004,1022,1021
41b,41b,7,210,1021,1005,981,966,965,964,963,953,952,933,909,881,882,732,731,730,729,728,727,726,725,718,719,722,721
42a,42a,3,90,796,795,793,792,791,790,765,769,770,773,775,776,779,781,782,783,1054,1053,1052,1051,1050,1047,1046,1045,1044,1043,1042,1041,1040,1039,1026,1020,1019,1006,980,967,947,938,930,918,919,920,895,894,893,892,891,890,418,419,422,423,424,425,426,427,428,429,334,335,339,342,361,360,359,358
42b,42b,3,90,358,359,360,361,342,339,335,334,429,428,427,426,425,424,423,422,419,418,890,891,892,893,894,922,921,920,919,918,930,938,947,967,980,1006,1019,1020,1026,1039,1040,1041,1042,1043,1044,1045,1046,1047,1050,1051,1052,1053,1054,783,782,781,779,776,775,773,770,769,765,790,791,792,793,795,796
43a,43a,3,90,796,795,793,792,791,790,765,769,770,773,775,776,779,781,782,783,1054,1053,1052,1051,1050,1047,1046,1045,1044,1043,1042,1041,1040,1039,1026,1020,1019,1006,980,967,947,938,930,918,919,920,895,894,893,892,891,890,418,419,422,423,424,425,426,427,428,429,334
43b,43b,3,90,334,429,428,427,426,425,424,423,422,419,418,890,891,892,893,894,922,921,920,919,918,930,938,947,967,980,1006,1019,1020,1026,1039,1040,1041,1042,1043,1044,1045,1046,1047,1050,1051,1052,1053,1054,783,782,781,779,776,775,773,770,769,765,790,791,792,793,795,796
44a,44a,4,120,796,795,793,792,791,790,765,769,770,773,775,776,779,781,782,783,1054,1053,1052,1051,1050,1047,1046,1045,1044,1043,1042,1041,1040,1039,1026,1020,1019,1006,980,967,947,938,930,918,919,920,895,894,893,892,891,890,418,419,422,423,424,425,426,427,428,429,334,335,336,363,378,377,380,388,390,394
44b,44b,4,120,394,390,388,380,377,378,363,336,335,334,429,428,427,426,425,424,423,422,419,418,890,891,892,893,894,922,921,920,919,918,930,938,947,967,980,1006,1019,1020,1026,1039,1040,1041,1042,1043,1044,1045,1046,1047,1050,1051,1052,1053,1054,783,782,781,779,776,775,773,770,769,765,790,791,792,793,795,796
45ae,45ae,4,120,458,434,454,452,451,445,444,443,442,441,440,438,437,436,423,415,414,973,1012,1011,1010,1009,1008,1007,1006,980,967,947
45be,45be,6,180,947,938,930,918,919,920,895,894,893,892,891,890,418,419,422,423,9436,9437,9438,440,441,442,443,444,445,451,452,454,434,458
46a,46a,12,360,458,434,454,452,451,445,444,443,442,441,440,438,437,436,423,415,414,973,1012,1011,1010,1009,1008,1007,1006,980,967,947
46b,46b,12,360,947,938,930,918,919,920,895,894,893,892,891,890,418,419,422,423,9436,9437,9438,440,441,442,443,444,445,451,452,454,434,458
47a,47a,3,90,448,449,447,450,442,491,490,489,488,492,486
47b,47b,3,90,486,492,488,489,490,491,442,450,447,449,448
48ae,48ae,4,120,633,637,638,639,621,620,619,618,617,616,615,614,613,612,611,610,609,608,607,606,605,604,603,602,601,600,599,598,887,899,898,901,917,931,937,948,966,981,1005,1021,1025,1042,1043,1044,1045,1046,1047,1050,1049,1048
48be,48be,4,120,1048,1046,1045,1044,1043,1042,1025,1021,1005,981,966,948,937,931,917,901,898,899,887,598,599,600,601,602,603,604,605,606,607,608,609,610,611,612,613,614,615,616,617,618,619,620,621,639,638,637,633
49ae,49ae,4,120,630,629,628,622,621,620,619,618,617,616,615,614,613,612,611,610,609,608,607,606,605,604,603,602,601,600,599,598,887,899,898,901,917,931,937,948,966,981,1005,1021,1025,1042,1043,1044,1045,1046,1047,1050,1049,1048
49be,49be,4,120,1048,1046,1045,1044,1043,1042,1025,1021,1005,981,966,948,937,931,917,901,898,899,887,598,599,600,601,602,603,604,605,606,607,608,609,610,611,612,613,614,615,616,617,618,619,620,621,622,628,629,630
4a,4a,3,90,600,692,691,689,699,730,735,742,741,743,768,767,771,770,788,808,817,823,833,834,846,856,857
4b,4b,3,90,857,856,846,834,833,823,817,808,788,770,771,767,768,743,741,742,735,730,699,689,691,692,600
50ae,50ae,4,120,626,625,620,619,618,617,616,615,614,613,612,611,610,609,608,607,606,605,604,603,602,601,600,599,598,887,899,898,901,917,931,937,948,966,981,1005,1021,1025,1042,1043,1044,1045,1046,1047,1050,1049,1048
50be,50be,4,120,1048,1046,1045,1044,1043,1042,1025,1021,1005,981,966,948,937,931,917,901,898,899,887,598,599,600,601,602,603,604,605,606,607,608,609,610,611,612,613,614,615,616,617,618,619,620,625,626
51ae,51ae,10,300,617,616,615,614,613,612,611,610,609,608,607,606,605,604,603,602,601,600,599,598,887,899,898,901,917,931,937,948,966,981,1005,1021,1025,1042,1043,1044,1045,1046,1047,1050,1049,1048
51be,51be,10,300,1048,1046,1045,1044,1043,1042,1025,1021,1005,981,966,948,937,931,917,901,898,899,887,598,599,600,601,602,603,604,605,606,607,608,609,610,611,612,613,614,615,616,617
52a,52a,8,240,877,854,852,849,830,825,814,810,785,776,777,778,738,913,912,911,910,909,908,906,915,932,931,930,938,947,967,980,1006,1005
52b,52b,8,240,1005,1004,1002,984,963,953,952,933,909,910,911,912,913,738,778,777,776,785,810,814,825,830,849,852,854,877
53a,53a,10,300,739,733,879,880,881,882,883,697,696,693,598,597,596,888,889,893,923,925,941,944,970,975,1011,1015,1032,1031,1036,1037,1038,1039,1040,1041,1042,1043,1044,1045,1046,1047,1050,1049,1048
53b,53b,10,300,1048,1046,1045,1044,1043,1042,1041,1040,1039,1038,1037,1036,1031,1032,1015,1011,975,970,944,941,925,923,893,889,888,596,887,694,886,885,884,881,880,879,733,739
54a,54a,4,120,379,368,367,365,364,363,362,331,330,328,327,308,305,304,412,411,410,1034,1035,1036,1037,1038,1039,1026,1020,1019,1006,980,967,947,938,930,918,917
54b,54b,4,120,917,931,937,948,966,981,1005,1021,1025,1042,1041,1040,1039,1038,1037,1036,1035,1034,410,411,412,304,305,308,327,328,330,331,362,363,364,365,367,368,379
55a,55a,4,120,370,369,368,367,365,364,363,362,331,330,328,327,308,305,304,412,411,410,1034,1035,1036,1037,1038,1039,1026,1020,1019,1006,980,967,947,938,930,918,917
55b,55b,4,120,917,931,937,948,966,981,1005,1021,1025,1042,1041,1040,1039,1038,1037,1036,1035,1034,410,411,412,304,305,308,327,328,330,331,362,363,364,365,367,368,369,370
56ae,56ae,3,90,474,473,475,472,471,467,463,460,469,462,457,456,455,434,454,452,451,445,444,443,442,441,440,438,437,436,423,415,414,973,1012,1011,1010,1009,1008,978,968,967,966,965,949
56be,56be,4,120,949,948,947,946,945,969,977,976,975,974,973,414,415,423,9436,9437,9438,440,441,442,443,444,445,451,452,454,434,455,456,457,462,469,460,463,467,471,472,475,473,474
57a,57a,2,60,259,260,261,279,278,283,284,285,286,57a_285,57a_284,57a_283_1,282,281,57a_282,57a_283_2,57a_278,57a_279,57a_261,57a_260,57a_259
58a,58a,6,180,239,245,244,241,219,221,202,203,167,166,165,1055,1059,1052,994,991,990,989,988,987,986,985,984,983,982,981,980,979,978,977,976,975,970,944,941
58b,58b,6,180,941,944,970,975,1011,1010,1009,1008,1007,1006,1005,1004,1002,1001,1000,999,998,997,996,995,994,1052,1059,1055,165,166,167,168,202,221,219,241,244,245,239
59ae,59ae,3,90,264,262,261,254,253,250,248,247,246,243,242,222,204,205,1056,1057,1058,1053,1052,1051,1050,1047,1046,1045,1044,1043,1042,1041,1040,1039,1038,1028,1018,1017,1008,978,968,946,939
59be,59be,3,90,939,938,947,967,980,1006,1019,1020,1026,1039,1040,1041,1042,1043,1044,1045,1046,1047,1050,1051,1052,1053,1058,1057,1056,205,204,222,242,243,246,247,248,250,253,254,261,262,264
5a,5a,4,120,932,931,937,948,966,981,1005,1021,1025,1042,1060,1061,1062,1063,1064,299,298,340,300
5b,5b,4,120,300,340,298,299,1064,1063,1061,1060,1042,1025,1023,1022,1004,1003,982,965,949,936,932
60a,60a,9,270,264,262,261,254,253,250,248,247,246,243,242,222,204,205,1056,1057,1058,1053,1052,1051,1050,1047,1046,1045,1044,1043,1042,1041,1040,1039,1038,1028,1018,1017,1008,978,968,946,939
60b,60b,9,270,939,938,947,967,980,1006,1019,1020,1026,1039,1040,1041,1042,1043,1044,1045,1046,1047,1050,1051,1052,1053,1058,1057,1056,205,204,222,242,243,246,247,248,250,253,254,261,262,264
61a,61a,6,180,194,195,196,197,198,199,200,170,169,812,811,784,781,782,783,1054,1053,1052,1051,1050,1047,1046,1045,1044,1043,1042,1025,1021,1005,981,966,948,937,931,917,916
61b,61b,6,180,916,932,931,937,948,966,981,1005,1021,1025,1042,1043,1044,1045,1046,1047,1050,1051,1052,1053,1054,783,782,781,784,811,812,169,170,200,199,198,197,196,195,194
62a,62a,3,90,458,457,480,479,483,484,485,486,492,493,1067,494,496,529,524,525,526,527,519,518,517,516,608,607,606
62b,62b,3,90,606,607,608,516,517,518,519,527,526,525,524,529,496,494,1067,493,492,486,485,484,483,479,480,457,458
63a,63a,3,90,624,623,622,628
63b,63b,3,90,628,622,623,624
64a,64a,5,150,841,842,858,843,845,836,822,820,819,806,790,765,766,767,768,743,736,735,734,733,912,958,959,960,988,998,997,1047
64b,64b,5,150,1047,1046,1045,998,988,960,959,958,912,733,734,735,736,743,768,767,766,765,790,806,819,820,822,836,845,843,858,842,841
65a,65a,4,120,606,605,604,679,680,681,702,701,700,699,730,735,734,733,912,958,959,960,988,998,997,1047
65b,65b,4,120,1047,1046,1045,998,988,960,959,958,912,733,734,735,730,699,700,701,702,681,680,679,604,605,606
66a,66a,4,120,595,593,592,591,889,893,923,925,941,940,939,938,937,948,966,981,1005,1021,1025,1042,1060,1061,1062,1063,1064,299,298,297,314,313,312,311,326
66b,66b,4,120,326,308,303,302,301,299,1064,1063,1061,1060,1042,1025,1023,1022,1004,1003,982,965,949,936,932,931,930,928,927,925,923,893,889,591,592,593,595
67a,67a,4,120,595,593,592,591,889,893,923,925,941,940,939,938,937,948,966,981,1005,1021,1025,1042,1060,1061,1062,1063,1064,299,301,302,303,308,326
67b,67b,4,120,326,311,312,313,314,297,298,299,1064,1063,1061,1060,1042,1025,1023,1022,1004,1003,982,965,949,936,932,931,930,928,927,925,923,893,889,591,592,593,595
6a,6a,4,120,826,825,824,823,822
6b,6b,4,120,822,823,824,825,826
7a,7a,5,150,569,568,559,558,557,556,555,554,553,552,551,550,549,527,519,518,517,516,608,607,606
7b,7b,5,150,606,607,608,516,517,518,519,527,549,550,551,552,553,554,555,556,557,558,559,568,569
8a,8a,2,60,569,570,573,556,555,574,577,576,552
8b,8b,2,60,552,576,577,574,555,556,573,570,569
9a,9a,3,90,307,306,305,304,412,411,410,1034,1035,1036,1037,1038,1028,1027,1026,1025
9b,9b,3,90,1025,1042,1041,1040,1039,1038,1037,1036,1035,1034,410,411,412,304,305,306,307
