2950 0 99
1 547 0.0000000
2 548 0.0000000
3 549 0.0000000
4 550 0.0000000
5 551 0.0000000
6 552 0.0000000
7 553 0.0000000
8 554 0.0000000
9 555 0.0000000
10 556 0.0000000
11 557 0.0000000
12 558 0.0000000
13 559 0.0000000
14 560 0.0000000
15 561 0.0000000
16 562 0.0000000
17 563 0.0000000
18 564 0.0000000
19 565 0.0000000
20 566 0.0000000
21 567 0.0000000
22 568 0.0000000
23 569 0.0000000
24 570 0.0000000
25 571 0.0000000
26 572 0.0000000
27 573 0.0000000
28 574 0.0000000
29 575 0.0000000
30 576 0.0000000
31 577 0.0000000
32 578 0.0000000
33 579 0.0000000
34 580 0.0000000
35 581 0.0000000
36 582 0.0000000
37 583 0.0000000
38 584 0.0000000
39 585 0.0000000
40 586 0.0000000
41 587 0.0000000
42 588 0.0000000
43 589 0.0000000
44 590 0.0000000
45 591 0.0000000
46 592 0.0000000
47 593 0.0000000
48 594 0.0000000
49 595 0.0000000
50 596 0.0000000
51 597 0.0000000
52 598 0.0000000
53 599 0.0000000
54 600 0.0000000
55 601 0.0000000
56 602 0.0000000
57 603 0.0000000
58 604 0.0000000
59 605 0.0000000
60 606 0.0000000
61 607 0.0000000
62 608 0.0000000
63 609 0.0000000
64 610 0.0000000
65 611 0.0000000
66 612 0.0000000
67 613 0.0000000
68 614 0.0000000
69 615 0.0000000
70 616 0.0000000
71 617 0.0000000
72 618 0.0000000
73 619 0.0000000
74 620 0.0000000
75 621 0.0000000
76 622 0.0000000
77 623 0.0000000
78 624 0.0000000
79 625 0.0000000
80 626 0.0000000
81 627 0.0000000
82 628 0.0000000
83 629 0.0000000
84 630 0.0000000
85 631 0.0000000
86 632 0.0000000
87 633 0.0000000
88 634 0.0000000
89 635 0.0000000
90 636 0.0000000
91 637 0.0000000
92 638 0.0000000
93 639 0.0000000
94 640 0.0000000
95 641 0.0000000
96 642 0.0000000
97 643 0.0000000
98 644 0.0000000
99 645 0.0000000
100 646 0.0000000
101 647 0.0000000
102 648 0.0000000
103 649 0.0000000
104 650 0.0000000
105 651 0.0000000
106 652 0.0000000
107 653 0.0000000
108 654 0.0000000
109 655 0.0000000
110 656 0.0000000
111 657 0.0000000
112 658 0.0000000
113 659 0.0000000
114 660 0.0000000
115 661 0.0000000
116 662 0.0000000
117 663 0.0000000
118 664 0.0000000
119 665 0.0000000
120 666 0.0000000
121 667 0.0000000
122 668 0.0000000
123 669 0.0000000
124 670 0.0000000
125 671 0.0000000
126 672 0.0000000
127 673 0.0000000
128 674 0.0000000
129 675 0.0000000
130 676 0.0000000
131 677 0.0000000
132 678 0.0000000
133 679 0.0000000
134 680 0.0000000
135 681 0.0000000
136 682 0.0000000
137 683 0.0000000
138 684 0.0000000
139 685 0.0000000
140 686 0.0000000
141 687 0.0000000
142 688 0.0000000
143 689 0.0000000
144 690 0.0000000
145 691 0.0000000
146 692 0.0000000
147 693 0.0000000
148 694 0.0000000
149 695 0.0000000
150 696 0.0000000
151 697 0.0000000
152 698 0.0000000
153 699 0.0000000
154 700 0.0000000
155 701 0.0000000
156 702 0.0000000
157 703 0.0000000
158 704 0.0000000
159 705 0.0000000
160 706 0.0000000
161 707 0.0000000
162 708 0.0000000
163 709 0.0000000
164 710 0.0000000
165 711 0.0000000
166 712 0.0000000
167 713 0.0000000
168 714 0.0000000
169 715 0.0000000
170 716 0.0000000
171 717 0.0000000
172 718 0.0000000
173 719 0.0000000
174 720 0.0000000
175 721 0.0000000
176 722 0.0000000
177 723 0.0000000
178 724 0.0000000
179 725 0.0000000
180 726 0.0000000
181 727 0.0000000
182 728 0.0000000
183 729 0.0000000
184 730 0.0000000
185 731 0.0000000
186 732 0.0000000
187 733 0.0000000
188 734 0.0000000
189 735 0.0000000
190 736 0.0000000
191 737 0.0000000
192 738 0.0000000
193 739 0.0000000
194 740 0.0000000
195 741 0.0000000
196 742 0.0000000
197 743 0.0000000
198 744 0.0000000
199 745 0.0000000
200 746 0.0000000
201 747 0.0000000
202 748 0.0000000
203 749 0.0000000
204 750 0.0000000
205 751 0.0000000
206 752 0.0000000
207 753 0.0000000
208 754 0.0000000
209 755 0.0000000
210 756 0.0000000
211 757 0.0000000
212 758 0.0000000
213 759 0.0000000
214 760 0.0000000
215 761 0.0000000
216 762 0.0000000
217 763 0.0000000
218 764 0.0000000
219 765 0.0000000
220 766 0.0000000
221 767 0.0000000
222 768 0.0000000
223 769 0.0000000
224 770 0.0000000
225 771 0.0000000
226 772 0.0000000
227 773 0.0000000
228 774 0.0000000
229 775 0.0000000
230 776 0.0000000
231 777 0.0000000
232 778 0.0000000
233 779 0.0000000
234 780 0.0000000
235 781 0.0000000
236 782 0.0000000
237 783 0.0000000
238 784 0.0000000
239 785 0.0000000
240 786 0.0000000
241 787 0.0000000
242 788 0.0000000
243 789 0.0000000
244 790 0.0000000
245 791 0.0000000
246 792 0.0000000
247 793 0.0000000
248 794 0.0000000
249 795 0.0000000
250 796 0.0000000
251 797 0.0000000
252 798 0.0000000
253 799 0.0000000
254 800 0.0000000
255 801 0.0000000
256 802 0.0000000
257 803 0.0000000
258 804 0.0000000
259 805 0.0000000
260 806 0.0000000
261 807 0.0000000
262 808 0.0000000
263 809 0.0000000
264 810 0.0000000
265 811 0.0000000
266 812 0.0000000
267 813 0.0000000
268 814 0.0000000
269 815 0.0000000
270 816 0.0000000
271 817 0.0000000
272 818 0.0000000
273 819 0.0000000
274 820 0.0000000
275 821 0.0000000
276 822 0.0000000
277 823 0.0000000
278 824 0.0000000
279 825 0.0000000
280 826 0.0000000
281 827 0.0000000
282 828 0.0000000
283 829 0.0000000
284 830 0.0000000
285 831 0.0000000
286 832 0.0000000
287 833 0.0000000
288 834 0.0000000
289 835 0.0000000
290 836 0.0000000
291 837 0.0000000
292 838 0.0000000
293 839 0.0000000
294 840 0.0000000
295 841 0.0000000
296 842 0.0000000
297 843 0.0000000
298 844 0.0000000
299 845 0.0000000
300 846 0.0000000
301 847 0.0000000
302 848 0.0000000
303 849 0.0000000
304 850 0.0000000
305 851 0.0000000
306 852 0.0000000
307 853 0.0000000
308 854 0.0000000
309 855 0.0000000
310 856 0.0000000
311 857 0.0000000
312 858 0.0000000
313 859 0.0000000
314 860 0.0000000
315 861 0.0000000
316 862 0.0000000
317 863 0.0000000
318 864 0.0000000
319 865 0.0000000
320 866 0.0000000
321 867 0.0000000
322 868 0.0000000
323 869 0.0000000
324 870 0.0000000
325 871 0.0000000
326 872 0.0000000
327 873 0.0000000
328 874 0.0000000
329 875 0.0000000
330 876 0.0000000
331 877 0.0000000
332 878 0.0000000
333 879 0.0000000
334 880 0.0000000
335 881 0.0000000
336 882 0.0000000
337 883 0.0000000
338 884 0.0000000
339 885 0.0000000
340 886 0.0000000
341 887 0.0000000
342 888 0.0000000
343 889 0.0000000
344 890 0.0000000
345 891 0.0000000
346 892 0.0000000
347 893 0.0000000
348 894 0.0000000
349 895 0.0000000
350 896 0.0000000
351 897 0.0000000
352 898 0.0000000
353 899 0.0000000
354 900 0.0000000
355 901 0.0000000
356 902 0.0000000
357 903 0.0000000
358 904 0.0000000
359 905 0.0000000
360 906 0.0000000
361 907 0.0000000
362 908 0.0000000
363 909 0.0000000
364 910 0.0000000
365 911 0.0000000
366 912 0.0000000
367 913 0.0000000
368 914 0.0000000
369 915 0.0000000
370 916 0.0000000
371 917 0.0000000
372 918 0.0000000
373 919 0.0000000
374 920 0.0000000
375 921 0.0000000
376 922 0.0000000
377 923 0.0000000
378 924 0.0000000
379 925 0.0000000
380 926 0.0000000
381 927 0.0000000
382 928 0.0000000
383 929 0.0000000
384 930 0.0000000
385 931 0.0000000
386 932 0.0000000
387 933 0.0000000
388 390 0.0038594
388 391 0.0028481
388 708 0.0002032
388 802 0.0000000
389 390 0.0000739
389 801 0.0000000
389 914 0.0000000
390 388 0.0032681
390 389 0.0000000
390 925 0.0018409
391 388 0.0023852
391 392 0.0074923
391 709 0.0000000
391 715 0.0012109
392 391 0.0024372
392 393 0.0137140
392 713 0.0024376
392 717 0.0042168
393 392 0.0035296
393 394 0.0223875
393 712 0.0095117
393 716 0.0071956
394 393 0.0048500
394 395 0.0103020
394 584 0.0300097
394 601 0.0122891
395 394 0.0015952
395 396 0.0462695
395 584 0.0019744
395 600 0.0022056
396 395 0.0014163
396 397 0.0267475
397 396 0.0008187
397 398 0.0480462
397 588 0.0039035
397 604 0.0164978
398 397 0.0105890
398 399 0.0184217
398 400 0.0006594
398 403 0.0144730
399 398 0.0017749
399 537 0.0587591
399 604 0.0033317
399 609 0.0118387
400 398 0.0059182
400 401 0.0008002
400 587 0.0781063
400 609 0.0000000
401 400 0.0139273
401 402 0.0000000
401 585 0.0030754
401 590 0.0157150
402 401 0.0000000
403 398 0.0071253
403 404 0.0328433
403 606 0.0133910
403 611 0.0512268
404 403 0.0205308
404 405 0.0385142
404 675 0.0011933
404 680 0.0323434
405 404 0.0371821
405 406 0.0002301
405 488 0.0184702
406 405 0.0056476
406 407 0.0051578
406 677 0.0011902
406 682 0.0420951
407 406 0.0126645
407 408 0.0138081
407 687 0.0034619
407 692 0.0441050
408 407 0.0291661
408 409 0.0012936
408 689 0.0051216
408 694 0.0768333
409 408 0.0065626
409 410 0.0063594
409 538 0.0053681
409 539 0.0679402
410 409 0.0441549
410 411 0.0033176
410 690 0.0248337
410 700 0.0168615
411 410 0.0266493
411 412 0.0079416
411 685 0.0066398
411 695 0.0061784
412 411 0.0287706
412 413 0.0075925
413 412 0.0275060
413 414 0.0063659
413 730 0.0033995
413 734 0.0013639
414 413 0.0173050
414 415 0.0000000
414 731 0.0027459
414 735 0.0019785
415 414 0.0007378
415 416 0.0001139
415 727 0.0000377
415 733 0.0005233
416 415 0.0046251
416 417 0.0000717
416 726 0.0000000
416 732 0.0000000
417 416 0.0012952
417 732 0.0000000
417 913 0.0000312
417 926 0.0000000
418 419 0.0090789
418 921 0.0051552
418 922 0.0066398
418 923 0.0007609
419 418 0.0006937
419 420 0.0170553
419 739 0.0001706
419 743 0.0000401
420 419 0.0010278
420 421 0.0182740
420 751 0.0006997
420 752 0.0012323
421 420 0.0011610
421 422 0.0416552
421 753 0.0093221
421 754 0.0019251
422 421 0.0014304
422 423 0.0667385
422 762 0.0216331
422 766 0.0296945
423 422 0.0032665
423 424 0.0567155
423 764 0.0392468
423 767 0.0353411
424 423 0.0023942
424 425 0.0823373
424 773 0.0227059
424 777 0.0283561
425 424 0.0042766
425 426 0.0379500
425 775 0.0177572
425 779 0.0420357
426 425 0.0036539
426 427 0.0319479
426 441 0.0230715
427 426 0.0140230
427 428 0.0188075
427 594 0.0038156
427 779 0.0007783
428 427 0.0069423
428 429 0.0002000
428 431 0.0180242
429 428 0.0053196
429 430 0.0000000
429 593 0.0001076
429 778 0.0002215
430 429 0.0000000
431 428 0.0019636
431 432 0.0401128
431 593 0.0009465
431 597 0.0018726
432 431 0.0244747
432 433 0.0291907
432 595 0.0020094
432 599 0.0035535
433 432 0.0139719
433 434 0.0231381
433 616 0.0003995
433 617 0.0000000
434 433 0.0104363
434 435 0.0160880
434 618 0.0003177
434 619 0.0025767
435 434 0.0154567
435 436 0.0180496
435 552 0.0096587
435 554 0.0159172
436 435 0.0186796
436 437 0.0490581
436 496 0.0205707
437 436 0.0558376
437 438 0.0597371
437 554 0.0071054
437 556 0.0051081
438 437 0.0519603
438 439 0.0062506
438 535 0.0195254
438 536 0.0233879
438 540 0.0518186
439 438 0.0233268
439 440 0.0105846
439 614 0.0161321
439 615 0.0196050
440 439 0.0308534
440 441 0.0076175
440 612 0.0336414
440 613 0.0245095
441 426 0.0021723
441 440 0.0291152
441 591 0.0152791
441 596 0.0173639
442 443 0.0000554
442 898 0.0000870
442 899 0.0030214
442 929 0.0000765
443 442 0.0000000
443 444 0.0003581
443 897 0.0912989
443 898 0.0055913
444 443 0.0002201
444 445 0.0004023
445 444 0.0002473
445 446 0.0012097
445 885 0.0000000
445 886 0.0002892
446 445 0.0002345
446 447 0.0030672
446 858 0.0000000
446 859 0.0000000
447 446 0.0003574
447 448 0.0040406
447 848 0.0000000
447 849 0.0000000
448 447 0.0002741
448 449 0.0056094
448 664 0.0033514
448 665 0.0002098
449 448 0.0008820
449 450 0.0022047
449 662 0.0001773
449 663 0.0038071
450 449 0.0001733
450 451 0.0020815
450 453 0.0012172
450 508 0.0015463
451 450 0.0001913
451 452 0.0093583
451 654 0.0002100
451 655 0.0005103
452 451 0.0010109
452 525 0.0162338
452 652 0.0025974
452 654 0.0010437
453 450 0.0044649
453 454 0.0062396
453 650 0.0205471
453 841 0.0090249
454 453 0.0225920
454 455 0.0068845
454 838 0.0000000
454 840 0.0000971
455 454 0.0079477
455 456 0.0078679
455 833 0.0004949
455 835 0.0000000
456 455 0.0113150
456 457 0.0044633
456 834 0.0004119
456 836 0.0000442
457 456 0.0111322
457 458 0.0007489
457 829 0.0036607
457 831 0.0154221
458 457 0.0036018
458 459 0.0004736
458 467 0.0031557
458 468 0.0118572
459 458 0.0017130
459 460 0.0049390
459 832 0.0000000
459 845 0.0000000
460 459 0.0180022
460 461 0.0048150
460 872 0.0000000
460 875 0.0000000
461 460 0.0099276
461 462 0.0033076
461 874 0.0003775
461 877 0.0001729
462 461 0.0063808
462 873 0.0000000
462 876 0.0000000
462 927 0.0031419
463 464 0.0015195
463 928 0.0094828
464 463 0.0023172
464 465 0.0031128
464 883 0.0000000
464 884 0.0000000
465 464 0.0044684
465 466 0.0050020
465 862 0.0000000
465 881 0.0000000
466 465 0.0044614
466 467 0.0078893
466 855 0.0000000
466 862 0.0000000
467 458 0.0108849
467 466 0.0021842
467 845 0.0000388
467 855 0.0000000
468 458 0.0041606
468 469 0.0112383
468 829 0.0000000
468 830 0.0000000
469 468 0.0033368
469 470 0.0164970
469 819 0.0004350
469 824 0.0000622
470 469 0.0045444
470 471 0.0303568
470 817 0.0003739
470 822 0.0002493
471 470 0.0060562
471 472 0.0437502
471 815 0.0004228
471 816 0.0003940
472 471 0.0065934
472 473 0.0330324
472 813 0.0001804
472 815 0.0036974
473 472 0.0013910
473 474 0.0017436
473 475 0.0289357
473 707 0.0274555
473 813 0.0030012
474 473 0.0001134
474 538 0.0138023
474 701 0.0000995
474 706 0.0320676
475 473 0.0019295
475 476 0.0153350
475 706 0.0008492
475 707 0.0000000
476 475 0.0010997
476 477 0.0272671
476 705 0.0039168
476 707 0.0001076
477 476 0.0028306
477 478 0.0288038
477 503 0.0026875
477 504 0.0021553
478 477 0.0091320
478 479 0.0634411
478 633 0.0149578
478 703 0.0052751
479 478 0.0167619
479 480 0.0190873
479 629 0.0189457
479 693 0.0524616
480 479 0.0103997
480 481 0.0047172
480 483 0.0245198
480 484 0.0241283
480 486 0.0146970
481 480 0.0032866
481 482 0.0000000
481 483 0.0011359
481 691 0.0154002
482 481 0.0000000
483 480 0.0223955
483 481 0.0004423
483 539 0.0080514
483 693 0.0115679
484 480 0.0205992
484 485 0.0283425
484 627 0.0237472
484 629 0.0000734
485 484 0.0224569
485 489 0.0393160
485 626 0.0231437
485 628 0.0053247
486 480 0.0115345
486 535 0.0125169
486 627 0.0313118
486 691 0.0025614
487 488 0.0147248
487 535 0.0189552
487 681 0.0291646
487 682 0.0211698
488 405 0.0035915
488 487 0.0462083
488 680 0.0482687
488 682 0.0261688
489 485 0.0347965
489 490 0.0110949
489 630 0.0160144
489 631 0.0018499
490 489 0.0067818
490 491 0.0424065
490 557 0.0062242
490 631 0.0023521
491 490 0.0127873
491 492 0.0284801
491 558 0.0093365
491 559 0.0078473
492 491 0.0161891
492 493 0.0034071
492 561 0.0067390
492 562 0.0058133
493 492 0.0022901
493 494 0.0206838
493 497 0.0161788
493 562 0.0013846
493 564 0.0163649
494 493 0.0296145
494 495 0.0226146
494 561 0.0008704
494 563 0.0280039
495 494 0.0411248
495 496 0.0226483
495 551 0.0041177
495 560 0.0033864
496 436 0.0195002
496 495 0.0361917
496 553 0.0053565
496 556 0.0202845
497 493 0.0563423
497 498 0.0055041
498 497 0.0191680
498 499 0.0024528
498 533 0.0078507
499 498 0.0024100
499 500 0.0185382
499 567 0.0153782
499 569 0.0022111
500 499 0.0344757
500 501 0.0199368
500 566 0.0321934
500 570 0.0128009
501 500 0.0572011
501 502 0.0084208
501 571 0.0058949
501 636 0.0073146
502 501 0.0377741
502 503 0.0051415
502 632 0.0492755
502 634 0.0197521
503 477 0.0005818
503 502 0.0164931
503 504 0.0001438
503 633 0.0206193
504 477 0.0056037
504 503 0.0039923
504 505 0.0102427
504 635 0.0010532
505 504 0.0563587
505 506 0.0099732
505 634 0.0084543
505 639 0.0004789
506 505 0.0295464
506 507 0.0083601
506 639 0.0001517
506 644 0.0104818
507 506 0.0227881
507 508 0.0154815
507 578 0.0000764
507 646 0.0219895
508 450 0.0003077
508 507 0.0400293
508 509 0.0189153
509 508 0.0213942
509 510 0.0259551
509 659 0.0008429
509 667 0.0001141
510 509 0.0281156
510 511 0.0029790
510 658 0.0019637
510 666 0.0000398
511 510 0.0014603
511 512 0.0197901
511 521 0.0023848
511 522 0.0039877
512 511 0.0216262
512 513 0.0312011
512 661 0.0032156
512 670 0.0000000
513 512 0.0374927
513 514 0.0231102
513 902 0.0141314
513 905 0.0014510
514 513 0.0325729
514 515 0.0063782
514 903 0.0059222
514 905 0.0003221
515 514 0.0066147
515 516 0.0000000
515 534 0.0054391
515 544 0.0000000
515 932 0.0000000
516 515 0.0000000
516 517 0.0001422
516 903 0.0044930
516 906 0.0001104
517 516 0.0004349
517 518 0.0000000
517 908 0.0003786
517 909 0.0000000
518 517 0.0000000
518 911 0.0000000
518 912 0.0000000
518 930 0.0000000
519 520 0.0000000
519 521 0.0005341
519 668 0.0095531
519 670 0.0001804
520 519 0.0000000
521 511 0.0079795
521 519 0.0002331
521 666 0.0015199
521 670 0.0011162
522 511 0.0000389
522 523 0.0062021
523 522 0.0000604
523 530 0.0378834
523 545 0.0003571
524 525 0.0048565
524 545 0.0173295
524 578 0.0011628
524 647 0.0005516
525 452 0.0035717
525 524 0.0182672
525 652 0.0012847
525 657 0.0029006
526 527 0.0199373
526 528 0.0977363
526 541 0.0010298
526 546 0.0002035
527 526 0.0291532
527 542 0.0000000
527 543 0.0205109
527 546 0.0054981
528 526 0.0278695
528 529 0.0007720
528 573 0.0221381
528 575 0.0092576
529 528 0.0011559
529 530 0.0006201
529 531 0.0450890
530 523 0.0030841
530 529 0.0137209
530 575 0.0219475
530 577 0.0030971
531 529 0.0099476
531 532 0.0360615
531 573 0.0001806
531 574 0.0231016
532 531 0.0089309
532 533 0.0197211
532 569 0.0299143
532 574 0.0030162
533 498 0.0320339
533 532 0.0074528
533 568 0.0036816
533 569 0.0000000
534 515 0.0065488
534 543 0.0205610
534 933 0.3550488
535 438 0.0553505
535 486 0.0111686
535 487 0.0076306
536 438 0.0493224
536 537 0.0133185
536 615 0.0119343
537 399 0.0078738
537 536 0.0389799
537 608 0.0018801
537 610 0.0354968
538 409 0.0425556
538 474 0.0020258
538 699 0.0012320
538 704 0.0069589
539 409 0.0029475
539 483 0.0538867
539 694 0.0192923
539 704 0.0008710
540 438 0.0000000
540 583 0.1793575
540 622 0.0024539
541 526 0.0009719
541 582 0.0254095
541 902 0.0100292
542 527 0.0002797
542 902 0.0049379
542 903 0.0015677
543 527 0.0371808
543 534 0.0148612
543 903 0.0000000
544 515 0.0000000
544 903 0.0021490
544 904 0.0008659
545 523 0.0007862
545 524 0.0029390
545 577 0.0135988
545 580 0.0071681
546 526 0.0041884
546 527 0.0002671
547 1 0.0000000
547 548 0.0070494
547 549 0.0315407
547 621 0.0068789
548 2 0.0000000
548 547 0.0026179
548 550 0.0139572
548 552 0.0158458
548 618 0.0043304
549 3 0.0000000
549 547 0.0155191
549 550 0.0034790
549 551 0.0043806
550 4 0.0000000
550 548 0.0065562
550 549 0.0056550
550 551 0.0241512
550 552 0.0327832
550 553 0.0167250
550 560 0.0224260
551 5 0.0000000
551 495 0.0026713
551 549 0.0006723
551 550 0.0053899
551 563 0.0309996
552 6 0.0000000
552 435 0.0073306
552 548 0.0049070
552 550 0.0361206
552 553 0.0131456
552 618 0.0171573
552 619 0.0020769
553 7 0.0000000
553 496 0.0057386
553 550 0.0145635
553 552 0.0154153
553 560 0.0224980
554 8 0.0000000
554 435 0.0202191
554 437 0.0073657
554 614 0.0321336
554 619 0.0532321
554 622 0.0553487
554 625 0.0103549
555 9 0.0000000
555 556 0.0044301
555 622 0.0335142
555 624 0.0615386
555 625 0.0006538
556 10 0.0000000
556 437 0.0093203
556 496 0.0375655
556 555 0.0178803
556 557 0.0481276
556 560 0.0643249
556 624 0.0762189
557 11 0.0000000
557 490 0.0038925
557 556 0.0556110
557 558 0.0540441
557 559 0.0332567
557 624 0.0365253
557 630 0.0034908
558 12 0.0000000
558 491 0.0092961
558 557 0.0193692
558 560 0.0580850
558 561 0.0054826
559 13 0.0000000
559 491 0.0041076
559 557 0.0095398
559 562 0.0062491
559 566 0.0020455
559 631 0.0034254
560 14 0.0000000
560 495 0.0054323
560 550 0.0200340
560 553 0.0106184
560 556 0.0355464
560 558 0.0605104
560 561 0.0199375
561 15 0.0000000
561 492 0.0148269
561 494 0.0048862
561 558 0.0013200
561 560 0.0033973
562 16 0.0000000
562 492 0.0025312
562 493 0.0016123
562 559 0.0000000
562 563 0.0165899
562 567 0.0042770
563 17 0.0000000
563 494 0.0048797
563 551 0.0049656
563 562 0.0021687
563 564 0.0065089
564 18 0.0000000
564 493 0.0054753
564 563 0.0098127
564 565 0.0104716
565 19 0.0000000
565 564 0.0655588
565 568 0.0029543
565 569 0.0024594
566 20 0.0000000
566 500 0.0069551
566 559 0.0146237
566 567 0.0080991
566 631 0.0169959
567 21 0.0000000
567 499 0.0022650
567 562 0.0341070
567 566 0.0042868
568 22 0.0000000
568 533 0.0065479
568 565 0.0411914
568 574 0.0003452
569 23 0.0000000
569 499 0.0134936
569 532 0.0047024
569 533 0.0000000
569 565 0.0278201
569 570 0.0001080
569 572 0.0203375
569 573 0.0006737
570 24 0.0000000
570 500 0.0312075
570 569 0.0027230
570 571 0.0013965
570 572 0.0006762
571 25 0.0000000
571 501 0.0205863
571 570 0.0232465
571 572 0.0096127
571 631 0.0665055
571 632 0.0449632
571 634 0.0037447
571 637 0.0126191
572 26 0.0000000
572 569 0.0788159
572 570 0.0360930
572 571 0.0290803
572 573 0.0097373
572 576 0.0010931
572 637 0.0248200
573 27 0.0000000
573 528 0.0061813
573 531 0.0051783
573 569 0.0550804
573 572 0.0252287
573 577 0.0008118
574 28 0.0000000
574 531 0.0011197
574 532 0.0097226
574 568 0.0148959
574 575 0.0006758
575 29 0.0000000
575 528 0.0037779
575 530 0.0046888
575 574 0.0414306
575 580 0.0008374
575 581 0.0001175
576 30 0.0000000
576 572 0.0165644
576 577 0.0145760
576 578 0.0142336
576 637 0.0035352
576 643 0.0070356
577 31 0.0000000
577 530 0.0260778
577 545 0.0042387
577 573 0.0497093
577 576 0.0523319
577 578 0.0012065
578 32 0.0000000
578 507 0.0003633
578 524 0.0002584
578 576 0.0760251
578 577 0.0128322
578 579 0.0041005
578 580 0.0104197
578 643 0.0037020
578 645 0.0001348
579 33 0.0000000
579 578 0.0175884
579 580 0.0024015
579 582 0.0462931
579 647 0.0026739
579 656 0.0040869
580 34 0.0000000
580 545 0.0088533
580 575 0.0382918
580 578 0.0086308
580 579 0.0001768
580 581 0.0217404
580 582 0.0107493
581 35 0.0000000
581 575 0.0024409
581 580 0.0001506
581 582 0.0002476
582 36 0.0000000
582 541 0.0071013
582 579 0.0350148
582 580 0.0038723
582 581 0.0065154
582 660 0.0079088
583 37 0.0000000
583 540 0.0001204
584 38 0.0000000
584 394 0.0290755
584 395 0.0105352
584 586 0.0100247
584 588 0.0594795
584 605 0.0047407
584 710 0.0115606
584 712 0.0016190
584 768 0.0000000
584 808 0.0019702
585 39 0.0000000
585 401 0.0216652
585 586 0.0003596
585 587 0.0071802
585 771 0.0039144
586 40 0.0000000
586 584 0.0005541
586 585 0.0163418
586 588 0.0020268
586 772 0.0034423
587 41 0.0000000
587 400 0.0969050
587 585 0.0000909
587 588 0.0000000
587 592 0.0171429
587 604 0.0285434
588 42 0.0000000
588 397 0.0315394
588 584 0.0013663
588 586 0.0000000
588 587 0.0041350
589 43 0.0000000
589 590 0.0061306
589 591 0.0191642
589 594 0.0936635
589 775 0.0013289
590 44 0.0000000
590 401 0.0108490
590 589 0.0331948
590 592 0.0061160
590 776 0.0001117
591 45 0.0000000
591 441 0.0346700
591 589 0.0060564
591 592 0.0021254
591 608 0.0222839
591 613 0.0447441
592 46 0.0000000
592 587 0.0019382
592 590 0.0001949
592 591 0.0363764
592 608 0.0555255
592 609 0.0290112
593 47 0.0000000
593 429 0.0000000
593 431 0.0002156
593 594 0.0004717
593 595 0.0180521
594 48 0.0000000
594 427 0.0001400
594 589 0.0458528
594 593 0.0031278
594 596 0.0303300
595 49 0.0000000
595 432 0.0042169
595 593 0.0040696
595 596 0.0238478
595 612 0.0085686
595 617 0.0458244
596 50 0.0000000
596 441 0.0069530
596 594 0.0301209
596 595 0.0410459
596 612 0.0496593
596 613 0.0491110
597 51 0.0000000
597 431 0.0000514
597 599 0.0072604
597 778 0.0000000
598 52 0.0000000
598 599 0.0001287
598 616 0.0011893
598 620 0.0070374
599 53 0.0000000
599 432 0.0027670
599 597 0.0000000
599 598 0.0016023
599 616 0.0101700
599 617 0.0340522
600 54 0.0000000
600 395 0.0067521
600 601 0.0026273
600 602 0.0037756
600 605 0.0021511
601 55 0.0000000
601 394 0.0233382
601 600 0.0144882
601 603 0.0082627
601 716 0.0008092
602 56 0.0000000
602 600 0.0086676
602 603 0.0015773
602 607 0.0066149
602 671 0.0240681
603 57 0.0000000
603 601 0.0009176
603 602 0.0024778
603 672 0.0258244
603 718 0.0159383
604 58 0.0000000
604 397 0.0000518
604 399 0.0324688
604 587 0.0256393
604 605 0.0016651
604 606 0.0070784
605 59 0.0000000
605 584 0.0062218
605 600 0.0002075
605 604 0.1000172
605 607 0.0027281
606 60 0.0000000
606 403 0.1134675
606 604 0.0616825
606 607 0.0053547
606 675 0.0419591
607 61 0.0000000
607 602 0.0027887
607 605 0.0075610
607 606 0.0697623
607 676 0.0921847
608 62 0.0000000
608 537 0.0293695
608 591 0.0148566
608 592 0.0060783
608 609 0.0025660
608 613 0.0218617
609 63 0.0000000
609 399 0.0008092
609 400 0.0000000
609 592 0.0018080
609 608 0.0078906
609 611 0.0317060
610 64 0.0000000
610 537 0.0033207
610 611 0.0008974
610 615 0.0120840
610 679 0.0220180
611 65 0.0000000
611 403 0.0007218
611 609 0.0018369
611 610 0.0260891
611 680 0.0185877
612 66 0.0000000
612 440 0.0250570
612 595 0.0044858
612 596 0.0262027
612 614 0.0176484
612 617 0.0390776
613 67 0.0000000
613 440 0.0211743
613 591 0.0008369
613 596 0.0346891
613 608 0.0004688
613 615 0.0123489
614 68 0.0000000
614 439 0.0139953
614 554 0.0346663
614 612 0.0038272
614 619 0.0513403
614 622 0.0249093
615 69 0.0000000
615 439 0.0244789
615 536 0.0079499
615 610 0.0146143
615 613 0.0002892
615 622 0.0813940
616 70 0.0000000
616 433 0.0010721
616 598 0.0010467
616 599 0.0001539
616 618 0.0094027
616 620 0.0004348
617 71 0.0000000
617 433 0.0000000
617 595 0.0147144
617 599 0.0081119
617 612 0.0142262
617 619 0.0059624
618 72 0.0000000
618 434 0.0009968
618 548 0.0020593
618 552 0.0125659
618 616 0.0049432
618 621 0.0001484
619 73 0.0000000
619 434 0.0008437
619 552 0.0014574
619 554 0.0313628
619 614 0.0404208
619 617 0.0017932
620 74 0.0000000
620 598 0.0013866
620 616 0.0002656
620 621 0.0159032
621 75 0.0000000
621 547 0.0046621
621 618 0.0046342
621 620 0.0181119
622 76 0.0000000
622 540 0.0469217
622 554 0.0124842
622 555 0.0107833
622 614 0.0015753
622 615 0.0439778
622 623 0.0603613
622 625 0.0003877
623 77 0.0000000
623 622 0.0653167
623 624 0.0010196
623 627 0.0038592
623 681 0.0307138
624 78 0.0000000
624 555 0.0562961
624 556 0.0575262
624 557 0.0193119
624 623 0.0020539
624 626 0.0024163
625 79 0.0000000
625 554 0.0058510
625 555 0.0004293
625 622 0.0129937
626 80 0.0000000
626 485 0.0087394
626 624 0.0146777
626 627 0.0025271
626 630 0.0036197
627 81 0.0000000
627 484 0.0038176
627 486 0.0110156
627 623 0.0232324
627 626 0.0028874
628 82 0.0000000
628 485 0.0166976
628 629 0.0031078
628 631 0.0025078
628 632 0.0012554
629 83 0.0000000
629 479 0.0316539
629 484 0.0049800
629 628 0.0071112
629 633 0.0004307
630 84 0.0000000
630 489 0.0089690
630 557 0.0045277
630 626 0.0064592
631 85 0.0000000
631 489 0.0131052
631 490 0.0154156
631 559 0.0498479
631 566 0.0475511
631 571 0.0238772
631 628 0.0009548
631 636 0.0061989
632 86 0.0000000
632 502 0.0265637
632 571 0.0321963
632 628 0.0243297
632 633 0.0018717
632 636 0.0368846
633 87 0.0000000
633 478 0.0041658
633 503 0.0003582
633 629 0.0271677
633 632 0.0119493
634 88 0.0000000
634 502 0.0836315
634 505 0.0005900
634 571 0.0822859
634 635 0.0339314
634 637 0.0151662
635 89 0.0000000
635 504 0.0051423
635 634 0.0142736
635 640 0.0045512
635 705 0.0073323
636 90 0.0000000
636 501 0.0017834
636 631 0.0286046
636 632 0.0286964
637 91 0.0000000
637 571 0.0822154
637 572 0.0589690
637 576 0.0019668
637 634 0.0109383
637 644 0.0022263
638 92 0.0000000
638 640 0.0256432
638 642 0.0059565
638 707 0.0571863
638 815 0.0031940
638 825 0.0061027
638 826 0.0001642
639 93 0.0000000
639 505 0.0197182
639 506 0.0002577
639 640 0.0001065
639 641 0.0000000
640 94 0.0000000
640 635 0.0827124
640 638 0.0012691
640 639 0.0021081
640 642 0.0002833
641 95 0.0000000
641 639 0.0023591
641 642 0.0001995
641 646 0.0009916
641 648 0.0212762
642 96 0.0000000
642 638 0.0039613
642 640 0.0065328
642 641 0.0009484
642 649 0.0004573
643 97 0.0000000
643 576 0.0592565
643 578 0.0005081
643 644 0.0073000
644 98 0.0000000
644 506 0.0159588
644 637 0.0453614
644 643 0.0055762
644 646 0.0030714
645 99 0.0000000
645 578 0.0064788
645 646 0.0148706
645 647 0.0002442
645 652 0.0001512
646 100 0.0000000
646 507 0.0194323
646 641 0.0067562
646 644 0.0148695
646 645 0.0040966
646 653 0.0004320
647 101 0.0000000
647 524 0.0019454
647 579 0.0029319
647 645 0.0002172
647 657 0.0144055
648 102 0.0000000
648 641 0.0944546
648 649 0.0016036
648 650 0.0002095
648 653 0.0061211
649 103 0.0000000
649 642 0.0334746
649 648 0.0004621
649 651 0.0004476
649 825 0.0051051
650 104 0.0000000
650 453 0.0209997
650 648 0.0025544
650 651 0.0012043
650 655 0.0042879
651 105 0.0000000
651 649 0.0058870
651 650 0.0024730
651 827 0.0033549
651 842 0.0001158
652 106 0.0000000
652 452 0.0003131
652 525 0.0003994
652 645 0.0051210
652 653 0.0016536
653 107 0.0000000
653 646 0.0183924
653 648 0.0007372
653 652 0.0057728
653 655 0.0006431
654 108 0.0000000
654 451 0.0000524
654 452 0.0044136
654 659 0.0022129
654 662 0.0019564
655 109 0.0000000
655 451 0.0021609
655 650 0.0017832
655 653 0.0062306
655 663 0.0000000
656 110 0.0000000
656 579 0.0244329
656 657 0.0017573
656 658 0.0024787
656 660 0.0342237
657 111 0.0000000
657 525 0.0047312
657 647 0.0282530
657 656 0.0009793
657 659 0.0000000
658 112 0.0000000
658 510 0.0013239
658 656 0.0024469
658 659 0.0007331
658 661 0.0051537
659 113 0.0000000
659 509 0.0002158
659 654 0.0010818
659 657 0.0000000
659 658 0.0004589
660 114 0.0000000
660 582 0.0420598
660 656 0.0258749
660 661 0.0001643
660 902 0.0340217
661 115 0.0000000
661 512 0.0015340
661 658 0.0041012
661 660 0.0002151
661 902 0.0275623
662 116 0.0000000
662 449 0.0004240
662 654 0.0069635
662 664 0.0006140
662 667 0.0003727
663 117 0.0000000
663 449 0.0041195
663 655 0.0002454
663 665 0.0000000
663 841 0.0000297
664 118 0.0000000
664 448 0.0026285
664 662 0.0026806
664 669 0.0056984
664 849 0.0000000
665 119 0.0000000
665 448 0.0005445
665 663 0.0002047
665 843 0.0015466
665 849 0.0002180
666 120 0.0000000
666 510 0.0022470
666 521 0.0015578
666 667 0.0074250
666 668 0.0000000
667 121 0.0000000
667 509 0.0013701
667 662 0.0005365
667 666 0.0105871
667 669 0.0000975
668 122 0.0000000
668 519 0.0137722
668 666 0.0017658
668 669 0.0084544
668 850 0.0000000
669 123 0.0000000
669 664 0.0044219
669 667 0.0002699
669 668 0.0100245
669 851 0.0000000
670 124 0.0000000
670 512 0.0000387
670 519 0.0004430
670 521 0.0153265
670 854 0.0000000
670 902 0.0983892
670 905 0.0224079
671 125 0.0000000
671 602 0.0035244
671 672 0.0013555
671 673 0.0121021
671 676 0.0236615
672 126 0.0000000
672 603 0.0065632
672 671 0.0079753
672 674 0.0135317
672 722 0.0077364
673 127 0.0000000
673 671 0.0034755
673 674 0.0011103
673 678 0.0255598
673 683 0.0099225
674 128 0.0000000
674 672 0.0020459
674 673 0.0042790
674 684 0.0044199
674 724 0.0026358
675 129 0.0000000
675 404 0.0584850
675 606 0.0093965
675 676 0.0003096
675 677 0.0075472
676 130 0.0000000
676 607 0.0263492
676 671 0.0000544
676 675 0.0178217
676 678 0.0093336
677 131 0.0000000
677 406 0.0562279
677 675 0.0099771
677 678 0.0004961
677 687 0.0004697
678 132 0.0000000
678 673 0.0016816
678 676 0.0035773
678 677 0.0098219
678 688 0.0025833
679 133 0.0000000
679 610 0.0184874
679 680 0.0001500
679 681 0.0459745
680 134 0.0000000
680 404 0.0003817
680 488 0.0250544
680 611 0.0333844
680 679 0.0396528
681 135 0.0000000
681 487 0.0113650
681 623 0.0729374
681 679 0.0740645
681 691 0.0016424
682 136 0.0000000
682 406 0.0062670
682 487 0.0375643
682 488 0.0222560
682 692 0.0003014
683 137 0.0000000
683 673 0.0024625
683 684 0.0010047
683 685 0.0180387
683 688 0.0173225
684 138 0.0000000
684 674 0.0103097
684 683 0.0147790
684 728 0.0011391
685 139 0.0000000
685 411 0.0071155
685 683 0.0100230
685 686 0.0091867
685 690 0.0088921
686 140 0.0000000
686 685 0.0108628
686 730 0.0044530
687 141 0.0000000
687 407 0.0506493
687 677 0.0001262
687 688 0.0021892
687 689 0.0003277
688 142 0.0000000
688 678 0.0018343
688 683 0.0007009
688 687 0.0117082
688 690 0.0002306
689 143 0.0000000
689 408 0.0400000
689 687 0.0013168
689 690 0.0034689
689 699 0.0410475
690 144 0.0000000
690 410 0.0250737
690 685 0.0022423
690 688 0.0021868
690 689 0.0221782
691 145 0.0000000
691 481 0.0197032
691 486 0.0102460
691 681 0.0069319
691 692 0.0031081
692 146 0.0000000
692 407 0.0016567
692 682 0.0011880
692 691 0.0334358
692 694 0.0161364
693 147 0.0000000
693 479 0.0065587
693 483 0.0018403
693 694 0.0047091
693 703 0.0018952
694 148 0.0000000
694 408 0.0053779
694 539 0.0001932
694 692 0.0024873
694 693 0.0411730
695 149 0.0000000
695 411 0.0080852
695 696 0.0000276
695 697 0.0002157
695 700 0.0009325
696 150 0.0000000
696 695 0.0010481
696 698 0.0000963
696 734 0.0094889
697 151 0.0000000
697 695 0.0068303
697 698 0.0016352
697 702 0.0008689
697 809 0.0026134
698 152 0.0000000
698 696 0.0033773
698 697 0.0046947
698 736 0.0013512
698 810 0.0000000
699 153 0.0000000
699 538 0.0070772
699 689 0.0565308
699 700 0.0034209
699 701 0.0004341
700 154 0.0000000
700 410 0.0411955
700 695 0.0000279
700 699 0.0225176
700 702 0.0000502
701 155 0.0000000
701 474 0.0029034
701 699 0.0221618
701 702 0.0106948
701 813 0.0003308
702 156 0.0000000
702 697 0.0015709
702 700 0.0101944
702 701 0.0384168
702 814 0.0000683
703 157 0.0000000
703 478 0.0284112
703 693 0.0975781
703 704 0.0010556
703 705 0.0012124
704 158 0.0000000
704 538 0.0008755
704 539 0.0539221
704 703 0.0123320
704 706 0.0000000
705 159 0.0000000
705 476 0.0000482
705 635 0.0173243
705 703 0.0136260
705 706 0.0034348
706 160 0.0000000
706 474 0.0100948
706 475 0.0001495
706 704 0.0009626
706 705 0.0119830
707 161 0.0000000
707 473 0.0037595
707 475 0.0001630
707 476 0.0033796
707 638 0.0010061
708 162 0.0000000
708 388 0.0000000
708 709 0.0000000
708 714 0.0000000
708 913 0.0000000
709 163 0.0000000
709 391 0.0007089
709 708 0.0000000
709 711 0.0008627
709 713 0.0000568
709 803 0.0000476
710 164 0.0000000
710 584 0.1023921
710 712 0.0177979
710 806 0.0033402
711 165 0.0000000
711 709 0.0024140
711 713 0.0679306
711 807 0.0009988
712 166 0.0000000
712 393 0.0095065
712 584 0.0200855
712 710 0.0002483
712 713 0.0038765
713 167 0.0000000
713 392 0.0070263
713 709 0.0000000
713 711 0.0072162
713 712 0.0186547
713 716 0.0011275
714 168 0.0000000
714 708 0.0000000
714 715 0.0000000
714 720 0.0000252
714 913 0.0000000
715 169 0.0000000
715 391 0.0000445
715 714 0.0000000
715 717 0.0002525
715 719 0.0000000
715 721 0.0043052
716 170 0.0000000
716 393 0.0152070
716 601 0.0025477
716 713 0.0001497
716 717 0.0000000
716 718 0.0003253
717 171 0.0000000
717 392 0.0075432
717 715 0.0000000
717 716 0.0003168
717 719 0.0025062
718 172 0.0000000
718 603 0.0259025
718 716 0.0003035
718 719 0.0041151
718 722 0.0083486
719 173 0.0000000
719 715 0.0000000
719 717 0.0022232
719 718 0.0089696
719 723 0.0044184
720 174 0.0000000
720 714 0.0000000
720 721 0.0000590
720 726 0.0000477
720 913 0.0000000
721 175 0.0000000
721 715 0.0004740
721 720 0.0000000
721 723 0.0012124
721 725 0.0029501
721 727 0.0010659
722 176 0.0000000
722 672 0.0416943
722 718 0.0055741
722 723 0.0000000
722 724 0.0505291
723 177 0.0000000
723 719 0.0018349
723 721 0.0000453
723 722 0.0000303
723 725 0.0055833
724 178 0.0000000
724 674 0.0164270
724 722 0.0163570
724 725 0.0001403
724 728 0.0027636
725 179 0.0000000
725 721 0.0000000
725 723 0.0006033
725 724 0.0065223
725 729 0.0000866
726 180 0.0000000
726 416 0.0001415
726 720 0.0000000
726 727 0.0000000
726 913 0.0000000
727 181 0.0000000
727 415 0.0000257
727 721 0.0000656
727 726 0.0000000
727 729 0.0051288
727 731 0.0019951
728 182 0.0000000
728 684 0.0091533
728 724 0.0025027
728 729 0.0000000
728 730 0.0066372
729 183 0.0000000
729 725 0.0000423
729 727 0.0001245
729 728 0.0005326
729 731 0.0002768
730 184 0.0000000
730 413 0.0039179
730 686 0.0318044
730 728 0.0058605
730 731 0.0000000
731 185 0.0000000
731 414 0.0034351
731 727 0.0000000
731 729 0.0010877
731 730 0.0000000
732 186 0.0000000
732 416 0.0000000
732 417 0.0000000
732 733 0.0000000
732 864 0.0000000
733 187 0.0000000
733 415 0.0002095
733 732 0.0000000
733 735 0.0076820
733 737 0.0116108
733 865 0.0000000
734 188 0.0000000
734 413 0.0018046
734 696 0.0272429
734 735 0.0001156
734 736 0.0024431
735 189 0.0000000
735 414 0.0013987
735 733 0.0006221
735 734 0.0009571
735 737 0.0070009
736 190 0.0000000
736 698 0.0112901
736 734 0.0029196
736 737 0.0001517
736 866 0.0006352
737 191 0.0000000
737 733 0.0003135
737 735 0.0080799
737 736 0.0001174
737 866 0.0387907
738 192 0.0000000
738 740 0.0083329
738 742 0.0001261
738 746 0.0052684
738 784 0.0034752
738 920 0.0000000
739 193 0.0000000
739 419 0.0042041
739 740 0.0007214
739 741 0.0012229
739 921 0.0000000
740 194 0.0000000
740 738 0.0020170
740 739 0.0065983
740 742 0.0002900
740 920 0.0000000
741 195 0.0000000
741 739 0.0000000
741 742 0.0079705
741 743 0.0022705
741 747 0.0030195
742 196 0.0000000
742 738 0.0000000
742 740 0.0000000
742 741 0.0103640
742 748 0.0025935
743 197 0.0000000
743 419 0.0000457
743 741 0.0002375
743 744 0.0000277
743 745 0.0000409
743 751 0.0071508
743 752 0.0008689
743 921 0.0000000
743 922 0.0106254
744 198 0.0000000
744 743 0.0003293
744 745 0.0009022
744 922 0.0780557
745 199 0.0000000
745 743 0.0001361
745 744 0.0001016
745 755 0.0283656
746 200 0.0000000
746 738 0.0000000
746 748 0.0028198
746 750 0.0023617
746 757 0.0109573
746 792 0.0366100
747 201 0.0000000
747 741 0.0000000
747 748 0.0007445
747 749 0.0103782
747 752 0.0052110
748 202 0.0000000
748 742 0.0002827
748 746 0.0101511
748 747 0.0038407
748 750 0.0000000
749 203 0.0000000
749 747 0.0000000
749 750 0.0002376
749 754 0.0015647
749 758 0.0298048
750 204 0.0000000
750 746 0.0006096
750 748 0.0000000
750 749 0.0095651
750 759 0.0541164
751 205 0.0000000
751 420 0.0000758
751 743 0.0000000
751 753 0.0012820
751 755 0.0011860
752 206 0.0000000
752 420 0.0052911
752 743 0.0000869
752 747 0.0001578
752 754 0.0120320
753 207 0.0000000
753 421 0.0141170
753 751 0.0000000
753 756 0.0068120
753 762 0.0343234
754 208 0.0000000
754 421 0.0122840
754 749 0.0019849
754 752 0.0008386
754 763 0.0833750
755 209 0.0000000
755 745 0.0008992
755 751 0.0091405
755 756 0.0023051
756 210 0.0000000
756 753 0.0087840
756 755 0.0000643
756 766 0.0113489
757 211 0.0000000
757 746 0.0000773
757 759 0.0029760
757 761 0.0268481
757 768 0.0445377
757 800 0.0014011
758 212 0.0000000
758 749 0.0000263
758 759 0.0434940
758 760 0.0249344
758 763 0.0004315
759 213 0.0000000
759 750 0.0010554
759 757 0.0029171
759 758 0.0396057
759 761 0.0014008
760 214 0.0000000
760 758 0.0008255
760 761 0.0001193
760 765 0.0044952
760 769 0.0912086
761 215 0.0000000
761 757 0.0001956
761 759 0.0000000
761 760 0.0160656
761 770 0.0907439
762 216 0.0000000
762 422 0.0234488
762 753 0.0010416
762 763 0.0241005
762 764 0.1307674
763 217 0.0000000
763 754 0.0010747
763 758 0.0000000
763 762 0.0142137
763 765 0.0253981
764 218 0.0000000
764 423 0.0516362
764 762 0.0269495
764 765 0.0000000
764 773 0.0158343
765 219 0.0000000
765 760 0.0000000
765 763 0.0001635
765 764 0.0089667
765 774 0.0214102
766 220 0.0000000
766 422 0.0662824
766 756 0.0009451
766 767 0.1340447
767 221 0.0000000
767 423 0.0126231
767 766 0.0012761
767 777 0.0295972
768 222 0.0000000
768 584 0.0101667
768 757 0.0007488
768 770 0.0057312
768 772 0.0777696
768 808 0.0001649
769 223 0.0000000
769 760 0.0165085
769 770 0.0004545
769 771 0.0283358
769 774 0.0099113
770 224 0.0000000
770 761 0.0010535
770 768 0.0000608
770 769 0.0014106
770 772 0.0028384
771 225 0.0000000
771 585 0.0383524
771 769 0.0006381
771 772 0.0001543
771 776 0.0401108
772 226 0.0000000
772 586 0.0272996
772 768 0.0068853
772 770 0.0000716
772 771 0.0055557
773 227 0.0000000
773 424 0.0738508
773 764 0.0002684
773 774 0.0014238
773 775 0.0916886
774 228 0.0000000
774 765 0.0002244
774 769 0.0376023
774 773 0.0076574
774 776 0.0896778
775 229 0.0000000
775 425 0.0561435
775 589 0.0330233
775 773 0.0008246
775 776 0.0110467
776 230 0.0000000
776 590 0.0186884
776 771 0.0007937
776 774 0.0007046
776 775 0.0304190
777 231 0.0000000
777 424 0.0101044
777 767 0.0002770
777 778 0.1176771
777 779 0.1099549
778 232 0.0000000
778 429 0.0086872
778 597 0.0000000
778 777 0.0035326
778 779 0.0001534
779 233 0.0000000
779 425 0.0036865
779 427 0.0103956
779 777 0.0008729
779 778 0.0004602
780 234 0.0000000
780 781 0.0000000
780 785 0.0000000
780 914 0.0007964
780 916 0.0002917
781 235 0.0000000
781 780 0.0000000
781 782 0.0000000
781 786 0.0000912
781 917 0.0000000
782 236 0.0000000
782 781 0.0000000
782 783 0.0000349
782 787 0.0000351
782 917 0.0000000
782 918 0.0000000
783 237 0.0000000
783 782 0.0000000
783 784 0.0000000
783 788 0.0032627
783 789 0.0093552
783 918 0.0000000
783 919 0.0003282
784 238 0.0000000
784 738 0.0071510
784 783 0.0000000
784 792 0.0007865
784 919 0.0000000
785 239 0.0000000
785 780 0.0000000
785 786 0.0000000
785 793 0.0000000
785 914 0.0000000
786 240 0.0000000
786 781 0.0000000
786 785 0.0000000
786 787 0.0000652
786 794 0.0000598
787 241 0.0000000
787 782 0.0000000
787 786 0.0000647
787 789 0.0033550
787 791 0.0084674
787 795 0.0004209
788 242 0.0000000
788 783 0.0002053
788 789 0.0000000
788 790 0.0005747
788 792 0.0003002
789 243 0.0000000
789 783 0.0039544
789 787 0.0230892
789 788 0.0000000
789 791 0.0007459
790 244 0.0000000
790 788 0.0000000
790 791 0.0002079
790 792 0.0001280
790 796 0.0200711
791 245 0.0000000
791 787 0.0033258
791 789 0.0002981
791 790 0.0000000
791 797 0.0189086
792 246 0.0000000
792 746 0.0552001
792 784 0.0000408
792 788 0.0000000
792 790 0.0028106
792 800 0.0484284
793 247 0.0000000
793 785 0.0000000
793 794 0.0000548
793 801 0.0000000
793 914 0.0008417
794 248 0.0000000
794 786 0.0000000
794 793 0.0000405
794 795 0.0001284
794 802 0.0000000
795 249 0.0000000
795 787 0.0000000
795 794 0.0000390
795 797 0.0004663
795 799 0.0095034
795 803 0.0038379
796 250 0.0000000
796 790 0.0013186
796 797 0.0085120
796 798 0.0248086
796 800 0.0449894
797 251 0.0000000
797 791 0.0012103
797 795 0.0059888
797 796 0.0093069
797 799 0.0282778
798 252 0.0000000
798 796 0.0010890
798 799 0.0010478
798 800 0.0272654
798 804 0.0015638
799 253 0.0000000
799 795 0.0012244
799 797 0.0044000
799 798 0.0016845
799 805 0.0025100
800 254 0.0000000
800 757 0.0093290
800 792 0.0001756
800 796 0.0186961
800 798 0.0290580
800 808 0.0000000
801 255 0.0000000
801 389 0.0000000
801 793 0.0000000
801 802 0.0001691
801 913 0.0000000
802 256 0.0000000
802 388 0.0011668
802 794 0.0000000
802 801 0.0000000
802 803 0.0000258
803 257 0.0000000
803 709 0.0071885
803 795 0.0001633
803 802 0.0000000
803 805 0.0019872
803 807 0.0009564
804 258 0.0000000
804 798 0.0000533
804 805 0.0004991
804 806 0.0067914
804 808 0.0366198
805 259 0.0000000
805 799 0.0005222
805 803 0.0018003
805 804 0.0038791
805 807 0.0055201
806 260 0.0000000
806 710 0.0280325
806 804 0.0018082
806 807 0.0000280
806 808 0.0101929
807 261 0.0000000
807 711 0.0033741
807 803 0.0002136
807 805 0.0026042
807 806 0.0009368
808 262 0.0000000
808 584 0.0654871
808 768 0.0139871
808 800 0.0000000
808 804 0.0008722
808 806 0.0013984
809 263 0.0000000
809 697 0.0174555
809 810 0.0008202
809 811 0.0000695
809 814 0.0047496
810 264 0.0000000
810 698 0.0057372
810 809 0.0039213
810 812 0.0000000
810 866 0.0000000
811 265 0.0000000
811 809 0.0023173
811 812 0.0004597
811 816 0.0003126
811 817 0.0000296
812 266 0.0000000
812 810 0.0000000
812 811 0.0005122
812 818 0.0000000
812 866 0.0056555
813 267 0.0000000
813 472 0.0019993
813 473 0.0576984
813 701 0.0304288
813 814 0.0000607
814 268 0.0000000
814 702 0.0047632
814 809 0.0003452
814 813 0.0014331
814 816 0.0000257
815 269 0.0000000
815 471 0.0001383
815 472 0.0175229
815 638 0.0215844
815 821 0.0010474
816 270 0.0000000
816 471 0.0015597
816 811 0.0001220
816 814 0.0034983
816 822 0.0004194
817 271 0.0000000
817 470 0.0009052
817 811 0.0028822
817 818 0.0000000
817 819 0.0000000
818 272 0.0000000
818 812 0.0000256
818 817 0.0000000
818 820 0.0000000
818 869 0.0000000
819 273 0.0000000
819 469 0.0003735
819 817 0.0007561
819 820 0.0006995
819 829 0.0008776
820 274 0.0000000
820 818 0.0000000
820 819 0.0013260
820 830 0.0000000
820 869 0.0013522
821 275 0.0000000
821 815 0.0190524
821 822 0.0010612
821 823 0.0003800
821 826 0.0000274
822 276 0.0000000
822 470 0.0008727
822 816 0.0122511
822 821 0.0001816
822 824 0.0004260
823 277 0.0000000
823 821 0.0029160
823 824 0.0026033
823 828 0.0012708
823 833 0.0020556
824 278 0.0000000
824 469 0.0001937
824 822 0.0070505
824 823 0.0044575
824 834 0.0000000
825 279 0.0000000
825 638 0.0601975
825 649 0.0134333
825 826 0.0006254
825 827 0.0000437
826 280 0.0000000
826 638 0.0250542
826 821 0.0002253
826 825 0.0000644
826 828 0.0002632
827 281 0.0000000
827 651 0.0086498
827 825 0.0019039
827 828 0.0007566
827 837 0.0001375
828 282 0.0000000
828 823 0.0012313
828 826 0.0027346
828 827 0.0002173
828 838 0.0055840
829 283 0.0000000
829 457 0.0013504
829 468 0.0000000
829 819 0.0036090
829 834 0.0000497
830 284 0.0000000
830 468 0.0000281
830 820 0.0000474
830 832 0.0000000
830 872 0.0000000
831 285 0.0000000
831 457 0.0105274
831 836 0.0061210
831 845 0.0014480
832 286 0.0000000
832 459 0.0000000
832 830 0.0000000
832 872 0.0000000
833 287 0.0000000
833 455 0.0001190
833 823 0.0052702
833 834 0.0000000
833 838 0.0012251
834 288 0.0000000
834 456 0.0003996
834 824 0.0000812
834 829 0.0000000
834 833 0.0000000
835 289 0.0000000
835 455 0.0000000
835 836 0.0000000
835 840 0.0000000
835 846 0.0000000
836 290 0.0000000
836 456 0.0000000
836 831 0.0021563
836 835 0.0000000
836 846 0.0000000
837 291 0.0000000
837 827 0.0011497
837 838 0.0001951
837 839 0.0000000
837 842 0.0034230
838 292 0.0000000
838 454 0.0000416
838 828 0.0202441
838 833 0.0008719
838 837 0.0002374
839 293 0.0000000
839 837 0.0000000
839 840 0.0003368
839 844 0.0015194
839 847 0.0000000
840 294 0.0000000
840 454 0.0005823
840 835 0.0000000
840 839 0.0000980
840 847 0.0000000
841 295 0.0000000
841 453 0.0226138
841 663 0.0003545
841 842 0.0002097
841 843 0.0007860
842 296 0.0000000
842 651 0.0026432
842 837 0.0028022
842 841 0.0006945
842 844 0.0004769
843 297 0.0000000
843 665 0.0038534
843 841 0.0046231
843 844 0.0000720
843 848 0.0000000
844 298 0.0000000
844 839 0.0009307
844 842 0.0038275
844 843 0.0000703
844 848 0.0000000
845 299 0.0000000
845 459 0.0000000
845 467 0.0000000
845 831 0.0072947
845 846 0.0000000
845 875 0.0000000
846 300 0.0000000
846 835 0.0000000
846 836 0.0000000
846 845 0.0000000
846 847 0.0000000
846 856 0.0000000
847 301 0.0000000
847 839 0.0000000
847 840 0.0000000
847 846 0.0000000
847 848 0.0000000
847 857 0.0000000
848 302 0.0000000
848 447 0.0000000
848 843 0.0000000
848 844 0.0000000
848 847 0.0000000
848 858 0.0000000
849 303 0.0000000
849 447 0.0000318
849 664 0.0000430
849 665 0.0014317
849 851 0.0000000
849 853 0.0000000
849 859 0.0000000
850 304 0.0000000
850 668 0.0009735
850 851 0.0000000
850 852 0.0000000
850 854 0.0000505
851 305 0.0000000
851 669 0.0000584
851 849 0.0000000
851 850 0.0000000
851 853 0.0000000
852 306 0.0000000
852 850 0.0000000
852 853 0.0000320
852 854 0.0041986
852 860 0.0000000
853 307 0.0000000
853 849 0.0002229
853 851 0.0000811
853 852 0.0000000
853 860 0.0000000
854 308 0.0000000
854 670 0.0001259
854 850 0.0007593
854 852 0.0045214
854 861 0.0000000
854 905 0.0126946
854 907 0.0000000
855 309 0.0000000
855 466 0.0000000
855 467 0.0001121
855 856 0.0000000
855 878 0.0000000
856 310 0.0000000
856 846 0.0000302
856 855 0.0000372
856 857 0.0000000
856 863 0.0000000
857 311 0.0000000
857 847 0.0000000
857 856 0.0000637
857 858 0.0000000
857 885 0.0000000
858 312 0.0000000
858 446 0.0000000
858 848 0.0000000
858 857 0.0000571
858 886 0.0000000
859 313 0.0000000
859 446 0.0000000
859 849 0.0000000
859 860 0.0000000
859 887 0.0000000
860 314 0.0000000
860 852 0.0000000
860 853 0.0000514
860 859 0.0000000
860 861 0.0000000
860 888 0.0000000
861 315 0.0000000
861 854 0.0000000
861 860 0.0001566
861 888 0.0000000
861 907 0.0000760
861 910 0.0000000
862 316 0.0000000
862 465 0.0000000
862 466 0.0000000
862 863 0.0002462
862 889 0.0000927
863 317 0.0000000
863 856 0.0000000
863 862 0.0001248
863 885 0.0030190
863 890 0.0000000
864 318 0.0000000
864 732 0.0000000
864 865 0.0000594
864 867 0.0000000
864 913 0.0000000
865 319 0.0000000
865 733 0.0002105
865 864 0.0000000
865 866 0.0142591
865 868 0.0011241
866 320 0.0000000
866 736 0.0013599
866 737 0.0412290
866 810 0.0017704
866 812 0.0248786
866 865 0.0051986
866 868 0.0001913
866 869 0.0004795
867 321 0.0000000
867 864 0.0000794
867 868 0.0000000
867 870 0.0000000
868 322 0.0000000
868 865 0.0042538
868 866 0.0044931
868 867 0.0000000
868 869 0.0000000
868 871 0.0000000
869 323 0.0000000
869 818 0.0000000
869 820 0.0011042
869 866 0.0020136
869 868 0.0000000
869 872 0.0000000
870 324 0.0000000
870 867 0.0000000
870 871 0.0000000
871 325 0.0000000
871 868 0.0000301
871 870 0.0000000
871 872 0.0000000
871 874 0.0000000
872 326 0.0000000
872 460 0.0000000
872 830 0.0000000
872 832 0.0000000
872 869 0.0000807
872 871 0.0000000
873 327 0.0000000
873 462 0.0000000
873 874 0.0000000
874 328 0.0000000
874 461 0.0000000
874 871 0.0000600
874 873 0.0000000
874 875 0.0000000
875 329 0.0000000
875 460 0.0001568
875 845 0.0000000
875 874 0.0000000
875 878 0.0002664
876 330 0.0000000
876 462 0.0000000
876 877 0.0000000
876 879 0.0000000
877 331 0.0000000
877 461 0.0022994
877 876 0.0005586
877 878 0.0003999
877 880 0.0000000
878 332 0.0000000
878 855 0.0000000
878 875 0.0054379
878 877 0.0011712
878 881 0.0000000
879 333 0.0000000
879 876 0.0000000
879 880 0.0000000
879 882 0.0000000
880 334 0.0000000
880 877 0.0000553
880 879 0.0000000
880 881 0.0000000
880 883 0.0000000
881 335 0.0000000
881 465 0.0000000
881 878 0.0000000
881 880 0.0000000
881 884 0.0000000
882 336 0.0000000
882 879 0.0000000
882 883 0.0000000
883 337 0.0000000
883 464 0.0000000
883 880 0.0000000
883 882 0.0000000
884 338 0.0000000
884 464 0.0000000
884 881 0.0000000
884 889 0.0000000
885 339 0.0000000
885 445 0.0000284
885 857 0.0000000
885 863 0.0022033
885 892 0.0031092
886 340 0.0000000
886 445 0.0025094
886 858 0.0000000
886 887 0.0001278
886 892 0.0178625
887 341 0.0000000
887 859 0.0000000
887 886 0.0053137
887 888 0.0000000
887 893 0.0000000
888 342 0.0000000
888 860 0.0000000
888 861 0.0000000
888 887 0.0000000
888 894 0.0000000
888 910 0.0000000
889 343 0.0000000
889 862 0.0010891
889 884 0.0000000
889 895 0.0000000
890 344 0.0000000
890 863 0.0000000
890 891 0.0004174
890 896 0.0000000
891 345 0.0000000
891 890 0.0000000
891 896 0.0000000
891 897 0.0063727
891 899 0.0000000
892 346 0.0000000
892 885 0.0011763
892 886 0.0111086
892 897 0.2859178
893 347 0.0000000
893 887 0.0019343
893 894 0.0000000
893 898 0.0000282
893 901 0.0000000
894 348 0.0000000
894 888 0.0000726
894 893 0.0000000
894 910 0.0072855
895 349 0.0000000
895 889 0.0000657
895 896 0.0001372
896 350 0.0000000
896 890 0.0000000
896 891 0.0039563
896 895 0.0000000
896 899 0.0000000
897 351 0.0000000
897 443 0.0121640
897 891 0.0000000
897 892 0.1357901
897 899 0.0000000
898 352 0.0000000
898 442 0.0109615
898 443 0.0923503
898 893 0.0000000
898 900 0.0000000
899 353 0.0000000
899 442 0.0001000
899 891 0.0000000
899 896 0.0000000
899 897 0.0284663
900 354 0.0000000
900 898 0.0001149
900 901 0.0000000
901 355 0.0000000
901 893 0.0001228
901 900 0.0002941
902 356 0.0000000
902 513 0.0012224
902 541 0.0333626
902 542 0.0005331
902 660 0.0415124
902 661 0.0210477
902 670 0.0874496
903 357 0.0000000
903 514 0.0052648
903 516 0.0010415
903 542 0.0179690
903 543 0.0000000
903 544 0.0003459
904 358 0.0000000
904 544 0.0036098
904 906 0.0004483
905 359 0.0000000
905 513 0.0192630
905 514 0.0019593
905 670 0.0285426
905 854 0.0132060
905 906 0.0040611
905 907 0.0000000
906 360 0.0000000
906 516 0.0002938
906 904 0.0003058
906 905 0.0009406
906 908 0.0002195
906 909 0.0000000
906 931 0.0002766
907 361 0.0000000
907 854 0.0000504
907 861 0.0008858
907 905 0.0001137
907 908 0.0003339
907 910 0.0000000
908 362 0.0000000
908 517 0.0001461
908 906 0.0028573
908 907 0.0013104
908 911 0.0000000
908 912 0.0000000
909 363 0.0000000
909 517 0.0000000
909 906 0.0000444
909 912 0.0000000
910 364 0.0000000
910 861 0.0000000
910 888 0.0000000
910 894 0.0004754
910 907 0.0000282
910 911 0.0000000
911 365 0.0000000
911 518 0.0000000
911 908 0.0002479
911 910 0.0000000
912 366 0.0000000
912 518 0.0000000
912 908 0.0000000
912 909 0.0000000
913 367 0.0000000
913 417 0.0005530
913 708 0.0000000
913 714 0.0000000
913 720 0.0000709
913 726 0.0000000
913 801 0.0000000
913 864 0.0000000
914 368 0.0000000
914 389 0.0000000
914 780 0.0000000
914 785 0.0000000
914 793 0.0005873
914 915 0.0000000
915 369 0.0000000
915 914 0.0005624
915 916 0.0018916
916 370 0.0000000
916 780 0.0272020
916 915 0.0002034
916 917 0.0010393
917 371 0.0000000
917 781 0.0002703
917 782 0.0000605
917 916 0.0000000
917 918 0.0003575
918 372 0.0000000
918 782 0.0004191
918 783 0.0044069
918 917 0.0001046
918 919 0.0000825
919 373 0.0000000
919 783 0.0029369
919 784 0.0000674
919 918 0.0000000
919 920 0.0003666
919 924 0.0000488
920 374 0.0000000
920 738 0.0001211
920 740 0.0008003
920 919 0.0000497
920 921 0.0122071
921 375 0.0000000
921 418 0.0077771
921 739 0.0013411
921 743 0.0001436
921 920 0.0001902
922 376 0.0000000
922 418 0.1117532
922 743 0.1378508
922 744 0.1953893
923 377 0.0000000
923 418 0.0010936
924 378 0.0000000
924 919 0.0001299
925 379 0.0000000
925 390 0.0012397
926 380 0.0000000
926 417 0.0000000
927 381 0.0000000
927 462 0.0067993
928 382 0.0000000
928 463 0.0062185
929 383 0.0000000
929 442 0.0001155
930 384 0.0000000
930 518 0.0000000
931 385 0.0000000
931 906 0.0014368
932 386 0.0000000
932 515 0.0000000
933 387 0.0000000
933 534 0.4610339
